edge,includes,includedby,sum
/media/ullmann/hdd/research/engines/cocos2d-x/cocos/2d/CCFontAtlas.h,4,8,12
/media/ullmann/hdd/research/engines/cocos2d-x/cocos/renderer/CCTexture2D.h,4,26,30
/media/ullmann/hdd/research/engines/cocos2d-x/cocos/editor-support/cocostudio/CCSpriteFrameCacheHelper.cpp,4,0,4
/media/ullmann/hdd/research/engines/cocos2d-x/cocos/2d/CCSpriteFrame.h,4,13,17
/media/ullmann/hdd/research/engines/cocos2d-x/cocos/editor-support/cocostudio/ActionTimeline/CCTimeLine.h,3,5,8
/media/ullmann/hdd/research/engines/cocos2d-x/cocos/editor-support/cocostudio/ActionTimeline/CCFrame.h,7,4,11
/media/ullmann/hdd/research/engines/cocos2d-x/cocos/editor-support/cocostudio/CCComRender.h,3,2,5
/media/ullmann/hdd/research/engines/cocos2d-x/cocos/editor-support/cocostudio/CocosStudioExport.h,0,75,75
/media/ullmann/hdd/research/engines/cocos2d-x/cocos/editor-support/cocostudio/CCDatas.h,8,14,22
/media/ullmann/hdd/research/engines/cocos2d-x/cocos/base/ccTypes.h,5,81,86
/media/ullmann/hdd/research/engines/cocos2d-x/extensions/Particle3D/PU/CCPUAlignAffectorTranslator.h,3,2,5
/media/ullmann/hdd/research/engines/cocos2d-x/extensions/Particle3D/PU/CCPUAlignAffector.h,1,3,4
/media/ullmann/hdd/research/engines/cocos2d-x/cocos/base/CCEventListenerController.cpp,4,0,4
/media/ullmann/hdd/research/engines/cocos2d-x/cocos/base/CCEventController.h,2,7,9
/media/ullmann/hdd/research/engines/cocos2d-x/cocos/ui/UITabControl.cpp,5,0,5
/media/ullmann/hdd/research/engines/cocos2d-x/cocos/2d/CCLabel.h,5,24,29
/media/ullmann/hdd/research/engines/cocos2d-x/extensions/Particle3D/PU/CCPUAffectorManager.h,29,3,32
/media/ullmann/hdd/research/engines/cocos2d-x/extensions/Particle3D/PU/CCPUPlaneColliderTranslator.h,3,2,5
/media/ullmann/hdd/research/engines/cocos2d-x/cocos/base/CCConfiguration.h,3,22,25
/media/ullmann/hdd/research/engines/cocos2d-x/cocos/base/CCRef.h,2,153,155
/media/ullmann/hdd/research/engines/cocos2d-x/cocos/scripting/lua-bindings/manual/network/lua_downloader.cpp,3,0,3
/media/ullmann/hdd/research/engines/cocos2d-x/cocos/scripting/lua-bindings/manual/network/lua_extensions.h,0,3,3
/media/ullmann/hdd/research/engines/cocos2d-x/cocos/platform/android/jni/Java_org_cocos2dx_lib_Cocos2dxBitmap.cpp,5,0,5
/media/ullmann/hdd/research/engines/cocos2d-x/cocos/base/CCDirector.h,6,148,154
/media/ullmann/hdd/research/engines/cocos2d-x/cocos/scripting/lua-bindings/manual/navmesh/lua_cocos2dx_navmesh_manual.cpp,8,0,8
/media/ullmann/hdd/research/engines/cocos2d-x/cocos/platform/CCPlatformConfig.h,0,33,33
/media/ullmann/hdd/research/engines/cocos2d-x/extensions/Particle3D/PU/CCPUOnClearObserverTranslator.h,3,2,5
/media/ullmann/hdd/research/engines/cocos2d-x/extensions/Particle3D/PU/CCPUScriptTranslator.h,3,69,72
/media/ullmann/hdd/research/engines/cocos2d-x/cocos/scripting/lua-bindings/manual/cocos2d/lua_cocos2dx_manual.cpp,41,0,41
/media/ullmann/hdd/research/engines/cocos2d-x/cocos/platform/CCDevice.h,3,11,14
/media/ullmann/hdd/research/engines/cocos2d-x/extensions/Particle3D/PU/CCPURender.cpp,15,0,15
/media/ullmann/hdd/research/engines/cocos2d-x/cocos/2d/CCCamera.h,4,38,42
/media/ullmann/hdd/research/engines/cocos2d-x/cocos/2d/CCDrawNode.cpp,12,0,12
/media/ullmann/hdd/research/engines/cocos2d-x/cocos/base/CCEventType.h,0,21,21
/media/ullmann/hdd/research/engines/cocos2d-x/cocos/2d/CCRenderTexture.cpp,13,0,13
/media/ullmann/hdd/research/engines/cocos2d-x/cocos/base/ccConstants.h,1,2,3
/media/ullmann/hdd/research/engines/cocos2d-x/cocos/base/ccMacros.h,4,81,85
/media/ullmann/hdd/research/engines/cocos2d-x/cocos/editor-support/cocostudio/CCActionObject.h,4,3,7
/media/ullmann/hdd/research/engines/cocos2d-x/cocos/editor-support/cocostudio/CCActionNode.h,3,3,6
/media/ullmann/hdd/research/engines/cocos2d-x/cocos/scripting/lua-bindings/manual/CCLuaEngine.cpp,10,0,10
/media/ullmann/hdd/research/engines/cocos2d-x/cocos/scripting/lua-bindings/manual/CCLuaEngine.h,6,27,33
/media/ullmann/hdd/research/engines/cocos2d-x/cocos/2d/CCMotionStreak.cpp,9,0,9
/media/ullmann/hdd/research/engines/cocos2d-x/cocos/base/ccUtils.h,5,58,63
/media/ullmann/hdd/research/engines/cocos2d-x/cocos/renderer/CCMaterial.h,10,12,22
/media/ullmann/hdd/research/engines/cocos2d-x/cocos/math/Vec4.h,2,6,8
/media/ullmann/hdd/research/engines/cocos2d-x/cocos/renderer/backend/Program.h,5,10,15
/media/ullmann/hdd/research/engines/cocos2d-x/cocos/platform/CCPlatformMacros.h,3,85,88
/media/ullmann/hdd/research/engines/cocos2d-x/cocos/2d/CCActionGrid3D.h,1,4,5
/media/ullmann/hdd/research/engines/cocos2d-x/cocos/2d/CCActionGrid.h,2,7,9
/media/ullmann/hdd/research/engines/cocos2d-x/extensions/Particle3D/PU/CCPUOnEventFlagObserver.cpp,2,0,2
/media/ullmann/hdd/research/engines/cocos2d-x/extensions/Particle3D/PU/CCPUParticleSystem3D.h,4,135,139
/media/ullmann/hdd/research/engines/cocos2d-x/extensions/Particle3D/PU/CCPUOnTimeObserver.h,3,3,6
/media/ullmann/hdd/research/engines/cocos2d-x/extensions/Particle3D/PU/CCPUObserver.h,3,18,21
/media/ullmann/hdd/research/engines/cocos2d-x/cocos/base/CCNinePatchImageParser.h,2,5,7
/media/ullmann/hdd/research/engines/cocos2d-x/extensions/Particle3D/PU/CCPUSlaveBehaviourTranslator.h,3,2,5
/media/ullmann/hdd/research/engines/cocos2d-x/cocos/scripting/lua-bindings/manual/platform/android/CCLuaJavaBridge.cpp,4,0,4
/media/ullmann/hdd/research/engines/cocos2d-x/cocos/scripting/lua-bindings/manual/tolua_fix.h,0,41,41
/media/ullmann/hdd/research/engines/cocos2d-x/cocos/2d/CCNode.h,9,62,71
/media/ullmann/hdd/research/engines/cocos2d-x/cocos/2d/CCComponent.h,2,17,19
/media/ullmann/hdd/research/engines/cocos2d-x/cocos/2d/CCTransitionProgress.cpp,6,0,6
/media/ullmann/hdd/research/engines/cocos2d-x/cocos/2d/CCActionInstant.h,1,11,12
/media/ullmann/hdd/research/engines/cocos2d-x/cocos/editor-support/cocostudio/WidgetReader/TextBMFontReader/TextBMFontReader.h,2,5,7
/media/ullmann/hdd/research/engines/cocos2d-x/cocos/ui/UISlider.cpp,7,0,7
/media/ullmann/hdd/research/engines/cocos2d-x/cocos/editor-support/cocostudio/CocosStudioExtension.h,1,13,14
/media/ullmann/hdd/research/engines/cocos2d-x/tests/cpp-tests/Classes/ActionsTest/ActionsTest.cpp,7,0,7
/media/ullmann/hdd/research/engines/cocos2d-x/cocos/cocos2d.h,161,89,250
/media/ullmann/hdd/research/engines/cocos2d-x/cocos/scripting/lua-bindings/auto/lua_cocos2dx_studio_auto.cpp,6,0,6
/media/ullmann/hdd/research/engines/cocos2d-x/cocos/scripting/lua-bindings/manual/cocostudio/lua-cocos-studio-conversions.h,1,2,3
/media/ullmann/hdd/research/engines/cocos2d-x/cocos/ui/UIRichText.h,3,2,5
/media/ullmann/hdd/research/engines/cocos2d-x/cocos/ui/UIWidget.h,5,22,27
/media/ullmann/hdd/research/engines/cocos2d-x/cocos/ui/UIImageView.h,2,3,5
/media/ullmann/hdd/research/engines/cocos2d-x/cocos/scripting/deprecated/CCFloat.h,2,4,6
/media/ullmann/hdd/research/engines/cocos2d-x/cocos/renderer/backend/Types.h,1,46,47
/media/ullmann/hdd/research/engines/cocos2d-x/extensions/Particle3D/PU/CCPUScaleAffectorTranslator.cpp,4,0,4
/media/ullmann/hdd/research/engines/cocos2d-x/extensions/Particle3D/PU/CCPUDynamicAttributeTranslator.h,3,54,57
/media/ullmann/hdd/research/engines/cocos2d-x/cocos/scripting/lua-bindings/manual/LuaBasicConversions.h,16,37,53
/media/ullmann/hdd/research/engines/cocos2d-x/cocos/editor-support/cocostudio/CCColliderDetector.h,3,3,6
/media/ullmann/hdd/research/engines/cocos2d-x/cocos/editor-support/cocostudio/CCArmatureDefine.h,0,20,20
/media/ullmann/hdd/research/engines/cocos2d-x/cocos/scripting/lua-bindings/auto/lua_cocos2dx_controller_auto.cpp,4,0,4
/media/ullmann/hdd/research/engines/cocos2d-x/extensions/Particle3D/PU/CCPUSlaveEmitterTranslator.cpp,4,0,4
/media/ullmann/hdd/research/engines/cocos2d-x/cocos/platform/CCImage.cpp,17,0,17
/media/ullmann/hdd/research/engines/cocos2d-x/cocos/math/CCMath.h,5,72,77
/media/ullmann/hdd/research/engines/cocos2d-x/cocos/math/Vec3.h,2,13,15
/media/ullmann/hdd/research/engines/cocos2d-x/cocos/2d/CCTransitionPageTurn.cpp,5,0,5
/media/ullmann/hdd/research/engines/cocos2d-x/cocos/platform/CCGLView.cpp,7,0,7
/media/ullmann/hdd/research/engines/cocos2d-x/cocos/platform/CCGLView.h,2,11,13
/media/ullmann/hdd/research/engines/cocos2d-x/cocos/editor-support/cocostudio/WidgetReader/ImageViewReader/ImageViewReader.h,2,5,7
/media/ullmann/hdd/research/engines/cocos2d-x/cocos/editor-support/cocostudio/WidgetReader/WidgetReader.h,6,13,19
/media/ullmann/hdd/research/engines/cocos2d-x/extensions/Particle3D/PU/CCPUMaterialManager.cpp,7,0,7
/media/ullmann/hdd/research/engines/cocos2d-x/cocos/2d/CCCamera.cpp,7,0,7
/media/ullmann/hdd/research/engines/cocos2d-x/cocos/renderer/CCQuadCommand.h,1,12,13
/media/ullmann/hdd/research/engines/cocos2d-x/tests/performance-tests/Classes/tests/PerformanceSpriteTest.h,1,2,3
/media/ullmann/hdd/research/engines/cocos2d-x/tests/performance-tests/Classes/tests/BaseTest.h,3,14,17
/media/ullmann/hdd/research/engines/cocos2d-x/tests/cpp-tests/Classes/UITest/CocoStudioGUITest/UIWebViewTest/UIWebViewTest.cpp,1,0,1
/media/ullmann/hdd/research/engines/cocos2d-x/tests/cpp-tests/Classes/UITest/CocoStudioGUITest/UIWebViewTest/UIWebViewTest.h,1,2,3
/media/ullmann/hdd/research/engines/cocos2d-x/cocos/editor-support/cocostudio/FlatBuffersSerialize.cpp,30,0,30
/media/ullmann/hdd/research/engines/cocos2d-x/cocos/editor-support/cocostudio/WidgetReader/SliderReader/SliderReader.h,2,5,7
/media/ullmann/hdd/research/engines/cocos2d-x/cocos/scripting/deprecated/CCDictionary.cpp,9,0,9
/media/ullmann/hdd/research/engines/cocos2d-x/cocos/base/ccUTF8.h,2,58,60
/media/ullmann/hdd/research/engines/cocos2d-x/tests/cpp-tests/Classes/ReleasePoolTest/ReleasePoolTest.h,1,2,3
/media/ullmann/hdd/research/engines/cocos2d-x/tests/cpp-tests/Classes/BaseTest.h,2,74,76
/media/ullmann/hdd/research/engines/cocos2d-x/cocos/scripting/deprecated/CCArray.h,4,10,14
/media/ullmann/hdd/research/engines/cocos2d-x/templates/cpp-template-default/Classes/HelloWorldScene.cpp,1,0,1
/media/ullmann/hdd/research/engines/cocos2d-x/templates/cpp-template-default/Classes/HelloWorldScene.h,1,2,3
/media/ullmann/hdd/research/engines/cocos2d-x/tests/cpp-tests/Classes/tests.h,72,1,73
/media/ullmann/hdd/research/engines/cocos2d-x/tests/cpp-tests/Classes/EffectsAdvancedTest/EffectsAdvancedTest.h,2,2,4
/media/ullmann/hdd/research/engines/cocos2d-x/cocos/editor-support/cocostudio/CCArmature.cpp,9,0,9
/media/ullmann/hdd/research/engines/cocos2d-x/cocos/renderer/backend/ProgramState.cpp,8,0,8
/media/ullmann/hdd/research/engines/cocos2d-x/cocos/3d/CCAnimate3D.cpp,8,0,8
/media/ullmann/hdd/research/engines/cocos2d-x/cocos/ui/UIVideoPlayer-android.cpp,6,0,6
/media/ullmann/hdd/research/engines/cocos2d-x/cocos/ui/UIVideoPlayer.h,1,4,5
/media/ullmann/hdd/research/engines/cocos2d-x/cocos/ui/UIRichText.cpp,11,0,11
/media/ullmann/hdd/research/engines/cocos2d-x/cocos/editor-support/cocostudio/TriggerBase.h,5,2,7
/media/ullmann/hdd/research/engines/cocos2d-x/cocos/editor-support/cocostudio/TriggerObj.h,3,2,5
/media/ullmann/hdd/research/engines/cocos2d-x/cocos/editor-support/cocostudio/ActionTimeline/CCActionTimeline.cpp,2,0,2
/media/ullmann/hdd/research/engines/cocos2d-x/cocos/editor-support/cocostudio/ActionTimeline/CCActionTimeline.h,4,13,17
/media/ullmann/hdd/research/engines/cocos2d-x/cocos/3d/CCRay.h,4,3,7
/media/ullmann/hdd/research/engines/cocos2d-x/cocos/3d/CCBundle3D.cpp,6,0,6
/media/ullmann/hdd/research/engines/cocos2d-x/cocos/platform/CCFileUtils.h,7,129,136
/media/ullmann/hdd/research/engines/cocos2d-x/extensions/GUI/CCScrollView/CCScrollView.h,5,3,8
/media/ullmann/hdd/research/engines/cocos2d-x/cocos/2d/CCLayer.h,3,8,11
/media/ullmann/hdd/research/engines/cocos2d-x/cocos/ui/UITextField.cpp,5,0,5
/media/ullmann/hdd/research/engines/cocos2d-x/cocos/editor-support/cocostudio/CCSGUIReader.h,6,5,11
/media/ullmann/hdd/research/engines/cocos2d-x/cocos/base/ObjectFactory.h,2,11,13
/media/ullmann/hdd/research/engines/cocos2d-x/cocos/base/CCAutoreleasePool.cpp,2,0,2
/media/ullmann/hdd/research/engines/cocos2d-x/cocos/audio/android/AudioEngine-inl.cpp,16,0,16
/media/ullmann/hdd/research/engines/cocos2d-x/cocos/base/CCEventListenerCustom.h,1,30,31
/media/ullmann/hdd/research/engines/cocos2d-x/cocos/editor-support/cocostudio/WidgetReader/SpriteReader/SpriteReader.h,3,4,7
/media/ullmann/hdd/research/engines/cocos2d-x/cocos/editor-support/cocostudio/CCBone.h,8,9,17
/media/ullmann/hdd/research/engines/cocos2d-x/cocos/editor-support/cocostudio/CCTween.h,3,4,7
/media/ullmann/hdd/research/engines/cocos2d-x/cocos/2d/CCAnimationCache.h,4,5,9
/media/ullmann/hdd/research/engines/cocos2d-x/cocos/2d/CCAnimation.h,5,4,9
/media/ullmann/hdd/research/engines/cocos2d-x/cocos/editor-support/cocostudio/CCInputDelegate.cpp,7,0,7
/media/ullmann/hdd/research/engines/cocos2d-x/cocos/base/CCEventListenerTouch.h,1,11,12
/media/ullmann/hdd/research/engines/cocos2d-x/cocos/platform/win32/inet_pton_mingw.cpp,1,0,1
/media/ullmann/hdd/research/engines/cocos2d-x/cocos/platform/win32/inet_pton_mingw.h,0,2,2
/media/ullmann/hdd/research/engines/cocos2d-x/cocos/audio/linux/AudioEngine-linux.cpp,4,0,4
/media/ullmann/hdd/research/engines/cocos2d-x/cocos/audio/linux/AudioEngine-linux.h,3,2,5
/media/ullmann/hdd/research/engines/cocos2d-x/cocos/platform/win32/CCApplication-win32.h,3,1,4
/media/ullmann/hdd/research/engines/cocos2d-x/cocos/platform/CCCommon.h,1,23,24
/media/ullmann/hdd/research/engines/cocos2d-x/cocos/base/CCUserDefault-android.cpp,7,0,7
/media/ullmann/hdd/research/engines/cocos2d-x/cocos/base/base64.h,1,8,9
/media/ullmann/hdd/research/engines/cocos2d-x/tests/cpp-tests/Classes/UITest/CocoStudioGUITest/UIButtonTest/UIButtonTest.cpp,1,0,1
/media/ullmann/hdd/research/engines/cocos2d-x/tests/cpp-tests/Classes/UITest/CocoStudioGUITest/UIButtonTest/UIButtonTest.h,1,2,3
/media/ullmann/hdd/research/engines/cocos2d-x/extensions/Particle3D/PU/CCPUVelocityMatchingAffectorTranslator.cpp,4,0,4
/media/ullmann/hdd/research/engines/cocos2d-x/extensions/Particle3D/PU/CCPUVelocityMatchingAffectorTranslator.h,3,2,5
/media/ullmann/hdd/research/engines/cocos2d-x/extensions/Particle3D/PU/CCPUTextureAnimator.h,2,3,5
/media/ullmann/hdd/research/engines/cocos2d-x/extensions/Particle3D/PU/CCPUColorAffectorTranslator.h,3,2,5
/media/ullmann/hdd/research/engines/cocos2d-x/cocos/platform/android/CCGLViewImpl-android.h,3,3,6
/media/ullmann/hdd/research/engines/cocos2d-x/cocos/math/CCGeometry.h,3,26,29
/media/ullmann/hdd/research/engines/cocos2d-x/extensions/Particle3D/PU/CCPUSimpleSpline.h,2,5,7
/media/ullmann/hdd/research/engines/cocos2d-x/tests/lua-tests/project/Classes/AppDelegate.cpp,6,0,6
/media/ullmann/hdd/research/engines/cocos2d-x/tests/lua-tests/project/Classes/AppDelegate.h,1,2,3
/media/ullmann/hdd/research/engines/cocos2d-x/cocos/editor-support/cocostudio/WidgetReader/NodeReader/NodeReader.cpp,5,0,5
/media/ullmann/hdd/research/engines/cocos2d-x/cocos/editor-support/cocostudio/ActionTimeline/CCSkeletonNode.h,5,4,9
/media/ullmann/hdd/research/engines/cocos2d-x/cocos/base/CCMap.h,2,13,15
/media/ullmann/hdd/research/engines/cocos2d-x/cocos/3d/CCAttachNode.cpp,2,0,2
/media/ullmann/hdd/research/engines/cocos2d-x/cocos/3d/CCSkeleton3D.h,3,7,10
/media/ullmann/hdd/research/engines/cocos2d-x/cocos/3d/CCMotionStreak3D.cpp,10,0,10
/media/ullmann/hdd/research/engines/cocos2d-x/cocos/editor-support/cocostudio/WidgetReader/ButtonReader/ButtonReader.h,2,5,7
/media/ullmann/hdd/research/engines/cocos2d-x/cocos/navmesh/CCNavMesh.h,7,8,15
/media/ullmann/hdd/research/engines/cocos2d-x/cocos/navmesh/CCNavMeshObstacle.h,4,2,6
/media/ullmann/hdd/research/engines/cocos2d-x/cocos/2d/CCParticleSystemQuad.h,2,9,11
/media/ullmann/hdd/research/engines/cocos2d-x/extensions/Particle3D/PU/CCPUListener.cpp,2,0,2
/media/ullmann/hdd/research/engines/cocos2d-x/extensions/Particle3D/PU/CCPUListener.h,2,6,8
/media/ullmann/hdd/research/engines/cocos2d-x/cocos/2d/CCActionProgressTimer.h,1,4,5
/media/ullmann/hdd/research/engines/cocos2d-x/cocos/renderer/ccShaders.cpp,41,0,41
/media/ullmann/hdd/research/engines/cocos2d-x/cocos/renderer/shaders/positionTextureColor.vert,0,1,1
/media/ullmann/hdd/research/engines/cocos2d-x/tests/performance-tests/Classes/Profile.h,3,1,4
/media/ullmann/hdd/research/engines/cocos2d-x/cocos/renderer/CCMeshCommand.cpp,16,0,16
/media/ullmann/hdd/research/engines/cocos2d-x/cocos/renderer/CCTechnique.h,4,10,14
/media/ullmann/hdd/research/engines/cocos2d-x/extensions/Particle3D/PU/CCPUOnExpireObserver.h,3,3,6
/media/ullmann/hdd/research/engines/cocos2d-x/extensions/Particle3D/PU/CCPURendererTranslator.h,5,2,7
/media/ullmann/hdd/research/engines/cocos2d-x/extensions/Particle3D/PU/CCPUScriptCompiler.h,2,68,70
/media/ullmann/hdd/research/engines/cocos2d-x/extensions/Particle3D/PU/CCPURibbonTrailRender.h,7,2,9
/media/ullmann/hdd/research/engines/cocos2d-x/extensions/Particle3D/PU/CCPURibbonTrail.h,3,2,5
/media/ullmann/hdd/research/engines/cocos2d-x/cocos/3d/CCPlane.h,2,4,6
/media/ullmann/hdd/research/engines/cocos2d-x/cocos/3d/CCMesh.cpp,18,0,18
/media/ullmann/hdd/research/engines/cocos2d-x/extensions/Particle3D/PU/CCPUEventHandler.h,2,11,13
/media/ullmann/hdd/research/engines/cocos2d-x/extensions/assets-manager/AssetsManager.cpp,6,0,6
/media/ullmann/hdd/research/engines/cocos2d-x/cocos/scripting/lua-bindings/auto/lua_cocos2dx_physics_auto.cpp,4,0,4
/media/ullmann/hdd/research/engines/cocos2d-x/cocos/editor-support/cocostudio/CCActionManagerEx.h,3,4,7
/media/ullmann/hdd/research/engines/cocos2d-x/extensions/Particle3D/PU/CCPUNoise.h,2,2,4
/media/ullmann/hdd/research/engines/cocos2d-x/tests/performance-tests/Classes/tests/testBasic.h,1,0,1
/media/ullmann/hdd/research/engines/cocos2d-x/cocos/editor-support/cocostudio/WidgetReader/GameNode3DReader/GameNode3DReader.h,4,3,7
/media/ullmann/hdd/research/engines/cocos2d-x/cocos/editor-support/cocostudio/WidgetReader/NodeReaderDefine.h,1,18,19
/media/ullmann/hdd/research/engines/cocos2d-x/tests/lua-empty-test/project/Classes/AppDelegate.cpp,5,0,5
/media/ullmann/hdd/research/engines/cocos2d-x/tests/lua-empty-test/project/Classes/AppDelegate.h,1,2,3
/media/ullmann/hdd/research/engines/cocos2d-x/extensions/GUI/CCScrollView/CCTableView.h,3,2,5
/media/ullmann/hdd/research/engines/cocos2d-x/extensions/ExtensionExport.h,0,20,20
/media/ullmann/hdd/research/engines/cocos2d-x/cocos/math/CCVertex.cpp,2,0,2
/media/ullmann/hdd/research/engines/cocos2d-x/cocos/math/CCVertex.h,1,4,5
/media/ullmann/hdd/research/engines/cocos2d-x/cocos/ui/UIEditBox/UIEditBoxImpl-stub.cpp,1,0,1
/media/ullmann/hdd/research/engines/cocos2d-x/cocos/ui/UIEditBox/UIEditBox.h,4,9,13
/media/ullmann/hdd/research/engines/cocos2d-x/extensions/Particle3D/PU/CCPUInterParticleColliderTranslator.h,3,2,5
/media/ullmann/hdd/research/engines/cocos2d-x/cocos/platform/CCSAXParser.h,2,5,7
/media/ullmann/hdd/research/engines/cocos2d-x/cocos/editor-support/cocostudio/TriggerMng.h,1,2,3
/media/ullmann/hdd/research/engines/cocos2d-x/cocos/editor-support/cocostudio/CocoStudio.h,41,10,51
/media/ullmann/hdd/research/engines/cocos2d-x/cocos/editor-support/cocostudio/WidgetReader/ArmatureNodeReader/ArmatureNodeReader.h,2,3,5
/media/ullmann/hdd/research/engines/cocos2d-x/cocos/editor-support/cocostudio/WidgetReader/NodeReaderProtocol.h,1,20,21
/media/ullmann/hdd/research/engines/cocos2d-x/extensions/Particle3D/PU/CCPUGravityAffectorTranslator.cpp,4,0,4
/media/ullmann/hdd/research/engines/cocos2d-x/extensions/Particle3D/PU/CCPUGravityAffectorTranslator.h,3,2,5
/media/ullmann/hdd/research/engines/cocos2d-x/tests/cpp-tests/Classes/TileMapTest/TileMapTest.h,1,2,3
/media/ullmann/hdd/research/engines/cocos2d-x/cocos/editor-support/cocostudio/WidgetReader/CheckBoxReader/CheckBoxReader.h,2,5,7
/media/ullmann/hdd/research/engines/cocos2d-x/cocos/ui/UIHelper.cpp,5,0,5
/media/ullmann/hdd/research/engines/cocos2d-x/cocos/ui/UILayoutComponent.h,2,6,8
/media/ullmann/hdd/research/engines/cocos2d-x/tests/cpp-tests/Classes/ExtensionsTest/NetworkTest/HttpClientTest.h,3,2,5
/media/ullmann/hdd/research/engines/cocos2d-x/extensions/cocos-ext.h,14,20,34
/media/ullmann/hdd/research/engines/cocos2d-x/cocos/base/CCScheduler.h,3,24,27
/media/ullmann/hdd/research/engines/cocos2d-x/cocos/2d/CCComponentContainer.h,1,3,4
/media/ullmann/hdd/research/engines/cocos2d-x/extensions/Particle3D/CCParticle3DRender.h,7,7,14
/media/ullmann/hdd/research/engines/cocos2d-x/cocos/editor-support/cocostudio/CCDisplayManager.cpp,6,0,6
/media/ullmann/hdd/research/engines/cocos2d-x/cocos/editor-support/cocostudio/CCArmature.h,8,12,20
/media/ullmann/hdd/research/engines/cocos2d-x/cocos/physics/CCPhysicsContact.cpp,4,0,4
/media/ullmann/hdd/research/engines/cocos2d-x/cocos/base/CCEventCustom.h,1,21,22
/media/ullmann/hdd/research/engines/cocos2d-x/cocos/base/CCUserDefault.h,2,7,9
/media/ullmann/hdd/research/engines/cocos2d-x/tests/cpp-tests/Classes/Physics3DTest/Physics3DTest.h,1,2,3
/media/ullmann/hdd/research/engines/cocos2d-x/cocos/editor-support/cocostudio/CCComController.cpp,2,0,2
/media/ullmann/hdd/research/engines/cocos2d-x/cocos/editor-support/cocostudio/CCComController.h,4,2,6
/media/ullmann/hdd/research/engines/cocos2d-x/cocos/2d/CCSprite.cpp,16,0,16
/media/ullmann/hdd/research/engines/cocos2d-x/cocos/2d/CCSpriteFrameCache.h,4,29,33
/media/ullmann/hdd/research/engines/cocos2d-x/cocos/2d/CCMenuItem.cpp,6,0,6
/media/ullmann/hdd/research/engines/cocos2d-x/cocos/2d/CCMenuItem.h,2,6,8
/media/ullmann/hdd/research/engines/cocos2d-x/extensions/Particle3D/PU/CCPUEmitterManager.h,11,3,14
/media/ullmann/hdd/research/engines/cocos2d-x/extensions/Particle3D/PU/CCPUBoxColliderTranslator.cpp,5,0,5
/media/ullmann/hdd/research/engines/cocos2d-x/extensions/Particle3D/PU/CCPUDynamicAttribute.h,3,62,65
/media/ullmann/hdd/research/engines/cocos2d-x/extensions/Particle3D/PU/CCPUBehaviourTranslator.cpp,3,0,3
/media/ullmann/hdd/research/engines/cocos2d-x/extensions/Particle3D/PU/CCPUBehaviourTranslator.h,3,2,5
/media/ullmann/hdd/research/engines/cocos2d-x/cocos/editor-support/cocostudio/WidgetReader/ButtonReader/ButtonReader.cpp,9,0,9
/media/ullmann/hdd/research/engines/cocos2d-x/cocos/editor-support/cocostudio/LocalizationManager.h,1,6,7
/media/ullmann/hdd/research/engines/cocos2d-x/extensions/GUI/CCScrollView/CCScrollView.cpp,8,0,8
/media/ullmann/hdd/research/engines/cocos2d-x/cocos/scripting/deprecated/CCString.cpp,5,0,5
/media/ullmann/hdd/research/engines/cocos2d-x/extensions/Particle3D/PU/CCPUMaterialTranslator.cpp,3,0,3
/media/ullmann/hdd/research/engines/cocos2d-x/extensions/Particle3D/PU/CCPUMaterialManager.h,2,5,7
/media/ullmann/hdd/research/engines/cocos2d-x/cocos/renderer/CCRenderCommand.cpp,3,0,3
/media/ullmann/hdd/research/engines/cocos2d-x/cocos/renderer/CCRenderCommand.h,3,9,12
/media/ullmann/hdd/research/engines/cocos2d-x/cocos/editor-support/cocostudio/WidgetReader/CheckBoxReader/CheckBoxReader.cpp,7,0,7
/media/ullmann/hdd/research/engines/cocos2d-x/cocos/base/CCEventListenerAcceleration.h,2,6,8
/media/ullmann/hdd/research/engines/cocos2d-x/cocos/base/CCEventListener.h,2,11,13
/media/ullmann/hdd/research/engines/cocos2d-x/tests/cpp-tests/proj.linux/main.cpp,2,0,2
/media/ullmann/hdd/research/engines/cocos2d-x/tests/cpp-tests/Classes/AppDelegate.h,1,3,4
/media/ullmann/hdd/research/engines/cocos2d-x/cocos/2d/CCCameraBackgroundBrush.h,8,5,13
/media/ullmann/hdd/research/engines/cocos2d-x/cocos/2d/CCLayer.cpp,18,0,18
/media/ullmann/hdd/research/engines/cocos2d-x/cocos/renderer/backend/ProgramState.h,6,38,44
/media/ullmann/hdd/research/engines/cocos2d-x/cocos/base/CCProperties.h,5,4,9
/media/ullmann/hdd/research/engines/cocos2d-x/cocos/2d/CCLight.cpp,2,0,2
/media/ullmann/hdd/research/engines/cocos2d-x/cocos/2d/CCLight.h,1,8,9
/media/ullmann/hdd/research/engines/cocos2d-x/extensions/Particle3D/PU/CCPUSlaveBehaviour.h,4,4,8
/media/ullmann/hdd/research/engines/cocos2d-x/cocos/renderer/CCPipelineDescriptor.h,6,6,12
/media/ullmann/hdd/research/engines/cocos2d-x/cocos/renderer/backend/Texture.h,2,11,13
/media/ullmann/hdd/research/engines/cocos2d-x/cocos/editor-support/cocostudio/ActionTimeline/CSLoader.cpp,49,0,49
/media/ullmann/hdd/research/engines/cocos2d-x/cocos/editor-support/cocostudio/ActionTimeline/CCActionTimelineCache.h,5,3,8
/media/ullmann/hdd/research/engines/cocos2d-x/cocos/renderer/backend/Device.h,10,31,41
/media/ullmann/hdd/research/engines/cocos2d-x/extensions/Particle3D/PU/CCPUScriptCompiler.cpp,3,0,3
/media/ullmann/hdd/research/engines/cocos2d-x/cocos/editor-support/cocostudio/WidgetReader/TextFieldReader/TextFieldReader.h,2,5,7
/media/ullmann/hdd/research/engines/cocos2d-x/extensions/Particle3D/PU/CCPUOnVelocityObserverTranslator.cpp,4,0,4
/media/ullmann/hdd/research/engines/cocos2d-x/cocos/platform/android/jni/JniHelper.h,2,25,27
/media/ullmann/hdd/research/engines/cocos2d-x/tests/performance-tests/Classes/tests/PerformanceNodeChildrenTest.cpp,1,0,1
/media/ullmann/hdd/research/engines/cocos2d-x/tests/performance-tests/Classes/tests/PerformanceNodeChildrenTest.h,1,2,3
/media/ullmann/hdd/research/engines/cocos2d-x/cocos/2d/CCSprite.h,7,38,45
/media/ullmann/hdd/research/engines/cocos2d-x/cocos/audio/android/AudioMixer.cpp,4,0,4
/media/ullmann/hdd/research/engines/cocos2d-x/cocos/audio/android/AudioMixerOps.h,1,1,2
/media/ullmann/hdd/research/engines/cocos2d-x/tests/cpp-tests/Classes/BugsTest/Bug-14327.h,2,2,4
/media/ullmann/hdd/research/engines/cocos2d-x/tests/cpp-tests/Classes/UITest/UITest.h,1,2,3
/media/ullmann/hdd/research/engines/cocos2d-x/extensions/Particle3D/PU/CCPUScaleVelocityAffector.cpp,2,0,2
/media/ullmann/hdd/research/engines/cocos2d-x/extensions/Particle3D/PU/CCPUScaleVelocityAffector.h,3,3,6
/media/ullmann/hdd/research/engines/cocos2d-x/cocos/scripting/lua-bindings/auto/lua_cocos2dx_extension_auto.cpp,4,0,4
/media/ullmann/hdd/research/engines/cocos2d-x/cocos/scripting/lua-bindings/auto/lua_cocos2dx_extension_auto.hpp,1,2,3
/media/ullmann/hdd/research/engines/cocos2d-x/tests/cpp-tests/Classes/AppDelegate.cpp,4,0,4
/media/ullmann/hdd/research/engines/cocos2d-x/cocos/editor-support/cocostudio/CocoStudio.cpp,26,0,26
/media/ullmann/hdd/research/engines/cocos2d-x/cocos/editor-support/cocostudio/WidgetReader/TextAtlasReader/TextAtlasReader.h,2,5,7
/media/ullmann/hdd/research/engines/cocos2d-x/cocos/platform/android/jni/Java_org_cocos2dx_lib_Cocos2dxAccelerometer.cpp,4,0,4
/media/ullmann/hdd/research/engines/cocos2d-x/cocos/base/CCEventAcceleration.h,2,5,7
/media/ullmann/hdd/research/engines/cocos2d-x/cocos/3d/CCSkybox.h,5,2,7
/media/ullmann/hdd/research/engines/cocos2d-x/cocos/base/CCEventDispatcher.cpp,13,0,13
/media/ullmann/hdd/research/engines/cocos2d-x/cocos/2d/CCScene.h,1,20,21
/media/ullmann/hdd/research/engines/cocos2d-x/cocos/platform/android/CCGLViewImpl-android.cpp,4,0,4
/media/ullmann/hdd/research/engines/cocos2d-x/cocos/2d/CCFontAtlas.cpp,8,0,8
/media/ullmann/hdd/research/engines/cocos2d-x/cocos/platform/android/jni/Java_org_cocos2dx_lib_Cocos2dxHelper.h,0,4,4
/media/ullmann/hdd/research/engines/cocos2d-x/extensions/Particle3D/PU/CCPUOnTimeObserverTranslator.h,3,2,5
/media/ullmann/hdd/research/engines/cocos2d-x/cocos/ui/UIScale9Sprite.cpp,12,0,12
/media/ullmann/hdd/research/engines/cocos2d-x/cocos/renderer/ccShaders.h,1,41,42
/media/ullmann/hdd/research/engines/cocos2d-x/cocos/math/CCAffineTransform.h,3,7,10
/media/ullmann/hdd/research/engines/cocos2d-x/extensions/Particle3D/PU/CCPURandomiserTranslator.cpp,4,0,4
/media/ullmann/hdd/research/engines/cocos2d-x/cocos/scripting/lua-bindings/manual/spine/lua_cocos2dx_spine_manual.cpp,10,0,10
/media/ullmann/hdd/research/engines/cocos2d-x/cocos/scripting/lua-bindings/auto/lua_cocos2dx_spine_auto.hpp,1,2,3
/media/ullmann/hdd/research/engines/cocos2d-x/extensions/Particle3D/PU/CCPUEmitterManager.cpp,9,0,9
/media/ullmann/hdd/research/engines/cocos2d-x/extensions/Particle3D/PU/CCPUSlaveEmitter.h,2,3,5
/media/ullmann/hdd/research/engines/cocos2d-x/cocos/renderer/backend/metal/CommandBufferMTL.h,2,0,2
/media/ullmann/hdd/research/engines/cocos2d-x/cocos/renderer/backend/metal/DeviceMTL.h,1,2,3
/media/ullmann/hdd/research/engines/cocos2d-x/cocos/ui/UICheckBox.h,2,3,5
/media/ullmann/hdd/research/engines/cocos2d-x/cocos/audio/android/cutils/log.h,0,12,12
/media/ullmann/hdd/research/engines/cocos2d-x/cocos/renderer/CCRenderState.cpp,7,0,7
/media/ullmann/hdd/research/engines/cocos2d-x/tests/cpp-tests/Classes/MenuTest/MenuTest.h,1,2,3
/media/ullmann/hdd/research/engines/cocos2d-x/cocos/renderer/CCTextureAtlas.cpp,11,0,11
/media/ullmann/hdd/research/engines/cocos2d-x/cocos/3d/CCTerrain.h,13,5,18
/media/ullmann/hdd/research/engines/cocos2d-x/cocos/audio/win32/AudioDecoderOgg.h,1,2,3
/media/ullmann/hdd/research/engines/cocos2d-x/cocos/audio/win32/AudioDecoder.h,0,4,4
/media/ullmann/hdd/research/engines/cocos2d-x/cocos/2d/CCTextFieldTTF.cpp,5,0,5
/media/ullmann/hdd/research/engines/cocos2d-x/cocos/scripting/lua-bindings/manual/lua_module_register.cpp,10,0,10
/media/ullmann/hdd/research/engines/cocos2d-x/cocos/scripting/lua-bindings/manual/cocostudio/lua_cocos2dx_coco_studio_manual.hpp,1,3,4
/media/ullmann/hdd/research/engines/cocos2d-x/cocos/math/Vec3.inl,0,1,1
/media/ullmann/hdd/research/engines/cocos2d-x/cocos/ui/UIAbstractCheckButton.h,2,4,6
/media/ullmann/hdd/research/engines/cocos2d-x/cocos/ui/GUIExport.h,0,27,27
/media/ullmann/hdd/research/engines/cocos2d-x/tests/cpp-tests/Classes/ClippingNodeTest/ClippingNodeTest.h,2,2,4
/media/ullmann/hdd/research/engines/cocos2d-x/cocos/editor-support/cocostudio/CCActionObject.cpp,6,0,6
/media/ullmann/hdd/research/engines/cocos2d-x/cocos/editor-support/cocostudio/WidgetReader/Sprite3DReader/Sprite3DReader.cpp,10,0,10
/media/ullmann/hdd/research/engines/cocos2d-x/cocos/3d/CCAnimate3D.h,4,4,8
/media/ullmann/hdd/research/engines/cocos2d-x/cocos/renderer/CCRenderer.h,3,66,69
/media/ullmann/hdd/research/engines/cocos2d-x/cocos/scripting/lua-bindings/auto/lua_cocos2dx_backend_auto.cpp,8,0,8
/media/ullmann/hdd/research/engines/cocos2d-x/cocos/physics/CCPhysicsBody.cpp,6,0,6
/media/ullmann/hdd/research/engines/cocos2d-x/cocos/physics/CCPhysicsJoint.h,3,5,8
/media/ullmann/hdd/research/engines/cocos2d-x/extensions/Particle3D/PU/CCPURibbonTrailRender.cpp,11,0,11
/media/ullmann/hdd/research/engines/cocos2d-x/extensions/Particle3D/PU/CCPUUtil.h,2,9,11
/media/ullmann/hdd/research/engines/cocos2d-x/extensions/GUI/CCControlExtension/CCControlHuePicker.h,3,2,5
/media/ullmann/hdd/research/engines/cocos2d-x/extensions/GUI/CCControlExtension/CCControl.h,3,12,15
/media/ullmann/hdd/research/engines/cocos2d-x/cocos/math/Quaternion.h,3,5,8
/media/ullmann/hdd/research/engines/cocos2d-x/cocos/editor-support/cocostudio/WidgetReader/SliderReader/SliderReader.cpp,7,0,7
/media/ullmann/hdd/research/engines/cocos2d-x/cocos/editor-support/cocostudio/FlatBuffersSerialize.h,4,21,25
/media/ullmann/hdd/research/engines/cocos2d-x/tests/cpp-tests/Classes/Particle3DTest/Particle3DTest.h,2,2,4
/media/ullmann/hdd/research/engines/cocos2d-x/cocos/2d/CCSpriteBatchNode.h,4,8,12
/media/ullmann/hdd/research/engines/cocos2d-x/cocos/audio/android/ccdandroidUtils.cpp,3,0,3
/media/ullmann/hdd/research/engines/cocos2d-x/cocos/audio/android/ccdandroidUtils.h,0,1,1
/media/ullmann/hdd/research/engines/cocos2d-x/cocos/editor-support/cocostudio/WidgetReader/UserCameraReader/UserCameraReader.cpp,9,0,9
/media/ullmann/hdd/research/engines/cocos2d-x/extensions/Particle3D/PU/CCPUColorAffectorTranslator.cpp,4,0,4
/media/ullmann/hdd/research/engines/cocos2d-x/cocos/3d/CCTerrain.cpp,12,0,12
/media/ullmann/hdd/research/engines/cocos2d-x/tests/cpp-tests/Classes/TransitionsTest/TransitionsTest.cpp,2,0,2
/media/ullmann/hdd/research/engines/cocos2d-x/tests/cpp-tests/Classes/TransitionsTest/TransitionsTest.h,1,2,3
/media/ullmann/hdd/research/engines/cocos2d-x/cocos/editor-support/cocostudio/WidgetReader/PageViewReader/PageViewReader.h,2,5,7
/media/ullmann/hdd/research/engines/cocos2d-x/cocos/editor-support/cocostudio/WidgetReader/LayoutReader/LayoutReader.h,2,7,9
/media/ullmann/hdd/research/engines/cocos2d-x/cocos/renderer/backend/RenderPipeline.h,5,3,8
/media/ullmann/hdd/research/engines/cocos2d-x/extensions/assets-manager/CCEventAssetsManagerEx.h,4,4,8
/media/ullmann/hdd/research/engines/cocos2d-x/cocos/platform/mac/CCStdC-mac.h,1,1,2
/media/ullmann/hdd/research/engines/cocos2d-x/cocos/ui/UIScale9Sprite.h,6,10,16
/media/ullmann/hdd/research/engines/cocos2d-x/tests/cpp-tests/Classes/ActionManagerTest/ActionManagerTest.cpp,3,0,3
/media/ullmann/hdd/research/engines/cocos2d-x/extensions/Particle3D/PU/CCPULineAffectorTranslator.h,3,2,5
/media/ullmann/hdd/research/engines/cocos2d-x/extensions/Particle3D/PU/CCPULineAffector.h,2,3,5
/media/ullmann/hdd/research/engines/cocos2d-x/cocos/3d/CCVertexAttribBinding.cpp,6,0,6
/media/ullmann/hdd/research/engines/cocos2d-x/cocos/3d/CCVertexAttribBinding.h,5,4,9
/media/ullmann/hdd/research/engines/cocos2d-x/cocos/3d/CCSprite3D.h,9,13,22
/media/ullmann/hdd/research/engines/cocos2d-x/cocos/base/CCProtocols.h,2,17,19
/media/ullmann/hdd/research/engines/cocos2d-x/tests/cpp-tests/Classes/ExtensionsTest/NetworkTest/SocketIOTest.h,3,2,5
/media/ullmann/hdd/research/engines/cocos2d-x/cocos/network/SocketIO.h,2,2,4
/media/ullmann/hdd/research/engines/cocos2d-x/cocos/2d/CCParticleBatchNode.cpp,13,0,13
/media/ullmann/hdd/research/engines/cocos2d-x/cocos/renderer/CCTextureAtlas.h,3,13,16
/media/ullmann/hdd/research/engines/cocos2d-x/cocos/renderer/shaders/cameraClear.vert,0,1,1
/media/ullmann/hdd/research/engines/cocos2d-x/tests/cpp-tests/Classes/BugsTest/BugsTest.cpp,16,0,16
/media/ullmann/hdd/research/engines/cocos2d-x/tests/cpp-tests/Classes/BugsTest/Bug-15776.h,1,2,3
/media/ullmann/hdd/research/engines/cocos2d-x/extensions/Particle3D/PU/CCPUMeshSurfaceEmitter.h,1,3,4
/media/ullmann/hdd/research/engines/cocos2d-x/extensions/Particle3D/PU/CCPUEmitter.h,5,15,20
/media/ullmann/hdd/research/engines/cocos2d-x/tests/cpp-tests/Classes/ZwoptexTest/ZwoptexTest.cpp,2,0,2
/media/ullmann/hdd/research/engines/cocos2d-x/tests/cpp-tests/Classes/testResource.h,0,42,42
/media/ullmann/hdd/research/engines/cocos2d-x/cocos/renderer/CCGroupCommand.h,2,15,17
/media/ullmann/hdd/research/engines/cocos2d-x/extensions/Particle3D/PU/CCPUEventHandlerManager.h,10,3,13
/media/ullmann/hdd/research/engines/cocos2d-x/extensions/Particle3D/PU/CCPUDoExpireEventHandlerTranslator.h,3,2,5
/media/ullmann/hdd/research/engines/cocos2d-x/cocos/renderer/CCPass.cpp,12,0,12
/media/ullmann/hdd/research/engines/cocos2d-x/cocos/2d/CCActionInterval.h,4,17,21
/media/ullmann/hdd/research/engines/cocos2d-x/extensions/Particle3D/PU/CCPUObserverManager.h,14,3,17
/media/ullmann/hdd/research/engines/cocos2d-x/tests/cpp-tests/Classes/ActionsProgressTest/ActionsProgressTest.h,1,2,3
/media/ullmann/hdd/research/engines/cocos2d-x/cocos/editor-support/cocostudio/WidgetReader/PageViewReader/PageViewReader.cpp,8,0,8
/media/ullmann/hdd/research/engines/cocos2d-x/cocos/editor-support/cocostudio/CocoLoader.h,1,21,22
/media/ullmann/hdd/research/engines/cocos2d-x/extensions/Particle3D/PU/CCPUAffectorManager.cpp,27,0,27
/media/ullmann/hdd/research/engines/cocos2d-x/extensions/Particle3D/PU/CCPUSineForceAffector.h,2,3,5
/media/ullmann/hdd/research/engines/cocos2d-x/tests/cpp-tests/Classes/ExtensionsTest/AssetsManagerExTest/AssetsManagerExTest.h,2,2,4
/media/ullmann/hdd/research/engines/cocos2d-x/cocos/renderer/CCTrianglesCommand.h,2,7,9
/media/ullmann/hdd/research/engines/cocos2d-x/cocos/math/Vec4.cpp,3,0,3
/media/ullmann/hdd/research/engines/cocos2d-x/cocos/3d/CCBundle3D.h,3,10,13
/media/ullmann/hdd/research/engines/cocos2d-x/cocos/3d/CCBundle3DData.h,6,9,15
/media/ullmann/hdd/research/engines/cocos2d-x/cocos/ui/UIListView.cpp,2,0,2
/media/ullmann/hdd/research/engines/cocos2d-x/cocos/ui/UIListView.h,2,6,8
/media/ullmann/hdd/research/engines/cocos2d-x/tests/cpp-tests/Classes/SpriteTest/SpriteTest.h,2,2,4
/media/ullmann/hdd/research/engines/cocos2d-x/cocos/audio/android/AudioDecoderProvider.cpp,6,0,6
/media/ullmann/hdd/research/engines/cocos2d-x/cocos/audio/android/AudioDecoderMp3.h,1,2,3
/media/ullmann/hdd/research/engines/cocos2d-x/cocos/editor-support/cocostudio/CCActionFrame.h,3,3,6
/media/ullmann/hdd/research/engines/cocos2d-x/extensions/physics-nodes/CCPhysicsSprite.h,4,2,6
/media/ullmann/hdd/research/engines/cocos2d-x/cocos/renderer/backend/Program.cpp,2,0,2
/media/ullmann/hdd/research/engines/cocos2d-x/extensions/Particle3D/PU/CCPUSimpleSpline.cpp,2,0,2
/media/ullmann/hdd/research/engines/cocos2d-x/cocos/editor-support/cocostudio/WidgetReader/TabControlReader/TabControlReader.cpp,8,0,8
/media/ullmann/hdd/research/engines/cocos2d-x/cocos/editor-support/cocostudio/WidgetReader/TextReader/TextReader.cpp,6,0,6
/media/ullmann/hdd/research/engines/cocos2d-x/cocos/ui/UIText.h,3,5,8
/media/ullmann/hdd/research/engines/cocos2d-x/extensions/Particle3D/PU/CCPUOnCollisionObserverTranslator.h,3,2,5
/media/ullmann/hdd/research/engines/cocos2d-x/cocos/2d/CCDrawNode.h,4,9,13
/media/ullmann/hdd/research/engines/cocos2d-x/cocos/audio/win32/AudioDecoderManager.cpp,6,0,6
/media/ullmann/hdd/research/engines/cocos2d-x/cocos/audio/win32/AudioDecoderMp3.h,1,2,3
/media/ullmann/hdd/research/engines/cocos2d-x/cocos/editor-support/cocostudio/CCTween.cpp,6,0,6
/media/ullmann/hdd/research/engines/cocos2d-x/cocos/editor-support/cocostudio/CCArmatureAnimation.h,3,4,7
/media/ullmann/hdd/research/engines/cocos2d-x/extensions/Particle3D/PU/CCPUPlane.h,3,2,5
/media/ullmann/hdd/research/engines/cocos2d-x/tests/cpp-tests/Classes/Scene3DTest/Scene3DTest.cpp,5,0,5
/media/ullmann/hdd/research/engines/cocos2d-x/cocos/ui/CocosGUI.h,28,19,47
/media/ullmann/hdd/research/engines/cocos2d-x/tests/cpp-tests/Classes/UITest/CocoStudioGUITest/CocosGUIScene.cpp,23,0,23
/media/ullmann/hdd/research/engines/cocos2d-x/tests/cpp-tests/Classes/UITest/CocoStudioGUITest/UIWidgetAddNodeTest/UIWidgetAddNodeTest.h,1,2,3
/media/ullmann/hdd/research/engines/cocos2d-x/cocos/scripting/lua-bindings/manual/ui/lua_cocos2dx_ui_manual.cpp,13,0,13
/media/ullmann/hdd/research/engines/cocos2d-x/cocos/scripting/lua-bindings/auto/lua_cocos2dx_ui_auto.cpp,4,0,4
/media/ullmann/hdd/research/engines/cocos2d-x/extensions/Particle3D/PU/CCPUOnQuotaObserverTranslator.cpp,4,0,4
/media/ullmann/hdd/research/engines/cocos2d-x/cocos/math/Mat4.h,4,8,12
/media/ullmann/hdd/research/engines/cocos2d-x/cocos/renderer/shaders/positionColor.frag,0,1,1
/media/ullmann/hdd/research/engines/cocos2d-x/cocos/editor-support/cocostudio/WidgetReader/GameMapReader/GameMapReader.cpp,7,0,7
/media/ullmann/hdd/research/engines/cocos2d-x/cocos/2d/CCTMXXMLParser.h,5,7,12
/media/ullmann/hdd/research/engines/cocos2d-x/cocos/editor-support/cocostudio/WidgetReader/NodeReader/NodeReader.h,3,15,18
/media/ullmann/hdd/research/engines/cocos2d-x/cocos/3d/CCMesh.h,7,8,15
/media/ullmann/hdd/research/engines/cocos2d-x/cocos/navmesh/CCNavMeshUtils.h,3,2,5
/media/ullmann/hdd/research/engines/cocos2d-x/cocos/ui/UIButton.h,2,5,7
/media/ullmann/hdd/research/engines/cocos2d-x/extensions/Particle3D/PU/CCPUParticleSystem3D.cpp,14,0,14
/media/ullmann/hdd/research/engines/cocos2d-x/extensions/Particle3D/PU/CCPUTranslateManager.h,10,5,15
/media/ullmann/hdd/research/engines/cocos2d-x/cocos/2d/CCParticleSystemQuad.cpp,14,0,14
/media/ullmann/hdd/research/engines/cocos2d-x/cocos/base/CCConsole.cpp,11,0,11
/media/ullmann/hdd/research/engines/cocos2d-x/extensions/Particle3D/PU/CCPUEventHandlerTranslator.h,3,2,5
/media/ullmann/hdd/research/engines/cocos2d-x/cocos/scripting/deprecated/CCInteger.h,4,5,9
/media/ullmann/hdd/research/engines/cocos2d-x/cocos/platform/android/jni/TouchesJni.cpp,4,0,4
/media/ullmann/hdd/research/engines/cocos2d-x/cocos/base/CCEventDispatcher.h,4,49,53
/media/ullmann/hdd/research/engines/cocos2d-x/cocos/platform/desktop/CCGLViewImpl-desktop.cpp,13,0,13
/media/ullmann/hdd/research/engines/cocos2d-x/cocos/base/CCTouch.h,2,10,12
/media/ullmann/hdd/research/engines/cocos2d-x/tests/performance-tests/Classes/tests/tests.h,12,1,13
/media/ullmann/hdd/research/engines/cocos2d-x/tests/performance-tests/Classes/tests/PerformanceScenarioTest.h,1,2,3
/media/ullmann/hdd/research/engines/cocos2d-x/cocos/renderer/backend/DeviceInfo.h,1,3,4
/media/ullmann/hdd/research/engines/cocos2d-x/cocos/scripting/lua-bindings/auto/lua_cocos2dx_studio_auto.hpp,1,2,3
/media/ullmann/hdd/research/engines/cocos2d-x/cocos/base/ccConfig.h,1,48,49
/media/ullmann/hdd/research/engines/cocos2d-x/cocos/2d/CCMenu.cpp,8,0,8
/media/ullmann/hdd/research/engines/cocos2d-x/cocos/platform/CCStdC.h,6,25,31
/media/ullmann/hdd/research/engines/cocos2d-x/cocos/audio/android/AudioDecoderSLES.h,1,2,3
/media/ullmann/hdd/research/engines/cocos2d-x/tests/cpp-tests/Classes/TouchesTest/TouchesTest.cpp,4,0,4
/media/ullmann/hdd/research/engines/cocos2d-x/tests/cpp-tests/Classes/TouchesTest/TouchesTest.h,1,2,3
/media/ullmann/hdd/research/engines/cocos2d-x/tests/cpp-tests/Classes/ActionsEaseTest/ActionsEaseTest.cpp,2,0,2
/media/ullmann/hdd/research/engines/cocos2d-x/tests/cpp-tests/Classes/ChipmunkTest/ChipmunkTest.h,3,2,5
/media/ullmann/hdd/research/engines/cocos2d-x/cocos/scripting/lua-bindings/manual/Cocos2dxLuaLoader.cpp,4,0,4
/media/ullmann/hdd/research/engines/cocos2d-x/extensions/Particle3D/PU/CCPUJetAffectorTranslator.h,3,2,5
/media/ullmann/hdd/research/engines/cocos2d-x/extensions/Particle3D/PU/CCPUJetAffector.h,3,3,6
/media/ullmann/hdd/research/engines/cocos2d-x/cocos/audio/android/AudioResamplerCubic.cpp,3,0,3
/media/ullmann/hdd/research/engines/cocos2d-x/cocos/audio/android/AudioResampler.h,2,5,7
/media/ullmann/hdd/research/engines/cocos2d-x/cocos/ui/UILayoutManager.cpp,2,0,2
/media/ullmann/hdd/research/engines/cocos2d-x/cocos/ui/UILayout.h,5,14,19
/media/ullmann/hdd/research/engines/cocos2d-x/extensions/Particle3D/PU/CCPUDoScaleEventHandlerTranslator.cpp,4,0,4
/media/ullmann/hdd/research/engines/cocos2d-x/extensions/Particle3D/PU/CCPUDoScaleEventHandlerTranslator.h,3,2,5
/media/ullmann/hdd/research/engines/cocos2d-x/cocos/editor-support/cocostudio/WidgetReader/Light3DReader/Light3DReader.h,3,2,5
/media/ullmann/hdd/research/engines/cocos2d-x/cocos/renderer/backend/Buffer.h,3,18,21
/media/ullmann/hdd/research/engines/cocos2d-x/cocos/scripting/lua-bindings/manual/3d/lua_cocos2dx_3d_manual.cpp,7,0,7
/media/ullmann/hdd/research/engines/cocos2d-x/cocos/scripting/deprecated/CCDictionary.h,4,4,8
/media/ullmann/hdd/research/engines/cocos2d-x/cocos/scripting/deprecated/CCString.h,3,6,9
/media/ullmann/hdd/research/engines/cocos2d-x/tests/cpp-tests/Classes/SpriteTest/SpriteTest.cpp,3,0,3
/media/ullmann/hdd/research/engines/cocos2d-x/cocos/physics3d/CCPhysics3DWorld.h,3,4,7
/media/ullmann/hdd/research/engines/cocos2d-x/cocos/scripting/lua-bindings/manual/navmesh/lua_cocos2dx_navmesh_conversions.cpp,4,0,4
/media/ullmann/hdd/research/engines/cocos2d-x/tests/cpp-tests/Classes/FontTest/FontTest.h,2,2,4
/media/ullmann/hdd/research/engines/cocos2d-x/extensions/Particle3D/PU/CCPUForceFieldAffectorTranslator.cpp,4,0,4
/media/ullmann/hdd/research/engines/cocos2d-x/extensions/Particle3D/PU/CCPUOnVelocityObserver.h,3,3,6
/media/ullmann/hdd/research/engines/cocos2d-x/tests/cpp-tests/Classes/SchedulerTest/SchedulerTest.cpp,3,0,3
/media/ullmann/hdd/research/engines/cocos2d-x/cocos/base/ZipUtils.cpp,4,0,4
/media/ullmann/hdd/research/engines/cocos2d-x/cocos/editor-support/cocostudio/WidgetReader/GameNode3DReader/GameNode3DReader.cpp,7,0,7
/media/ullmann/hdd/research/engines/cocos2d-x/cocos/scripting/lua-bindings/manual/navmesh/lua_cocos2dx_navmesh_conversions.h,1,2,3
/media/ullmann/hdd/research/engines/cocos2d-x/cocos/scripting/lua-bindings/auto/lua_cocos2dx_ui_auto.hpp,1,2,3
/media/ullmann/hdd/research/engines/cocos2d-x/tests/cpp-tests/Classes/UITest/CocoStudioGUITest/UIEditBoxTest.cpp,1,0,1
/media/ullmann/hdd/research/engines/cocos2d-x/tests/cpp-tests/Classes/UITest/CocoStudioGUITest/UIEditBoxTest.h,1,2,3
/media/ullmann/hdd/research/engines/cocos2d-x/cocos/editor-support/cocostudio/WidgetReader/WidgetReader.cpp,10,0,10
/media/ullmann/hdd/research/engines/cocos2d-x/extensions/Particle3D/PU/CCPUOnQuotaObserver.h,3,3,6
/media/ullmann/hdd/research/engines/cocos2d-x/cocos/2d/CCSpriteBatchNode.cpp,12,0,12
/media/ullmann/hdd/research/engines/cocos2d-x/cocos/renderer/CCTextureCube.h,3,4,7
/media/ullmann/hdd/research/engines/cocos2d-x/templates/lua-template-default/frameworks/runtime-src/Classes/AppDelegate.h,1,3,4
/media/ullmann/hdd/research/engines/cocos2d-x/cocos/editor-support/spine/spine-cocos2dx.h,1,3,4
/media/ullmann/hdd/research/engines/cocos2d-x/cocos/ui/UIWebView/UIWebViewImpl-android.cpp,7,0,7
/media/ullmann/hdd/research/engines/cocos2d-x/tests/cpp-tests/Classes/TerrainTest/TerrainTest.h,5,3,8
/media/ullmann/hdd/research/engines/cocos2d-x/tests/cpp-tests/Classes/TextInputTest/TextInputTest.h,1,2,3
/media/ullmann/hdd/research/engines/cocos2d-x/cocos/physics3d/CCPhysics3DObject.cpp,2,0,2
/media/ullmann/hdd/research/engines/cocos2d-x/tests/cpp-tests/Classes/BugsTest/Bug-1174.h,1,2,3
/media/ullmann/hdd/research/engines/cocos2d-x/extensions/Particle3D/PU/CCPUEventHandler.cpp,2,0,2
/media/ullmann/hdd/research/engines/cocos2d-x/extensions/Particle3D/PU/CCPULineAffectorTranslator.cpp,4,0,4
/media/ullmann/hdd/research/engines/cocos2d-x/extensions/Particle3D/PU/CCPUPlaneColliderTranslator.cpp,5,0,5
/media/ullmann/hdd/research/engines/cocos2d-x/cocos/editor-support/cocostudio/CCComAttribute.h,4,2,6
/media/ullmann/hdd/research/engines/cocos2d-x/cocos/base/CCValue.h,2,18,20
/media/ullmann/hdd/research/engines/cocos2d-x/extensions/Particle3D/PU/CCPUTextureAnimatorTranslator.h,3,2,5
/media/ullmann/hdd/research/engines/cocos2d-x/cocos/2d/CCCameraBackgroundBrush.cpp,15,0,15
/media/ullmann/hdd/research/engines/cocos2d-x/cocos/3d/CCSprite3DMaterial.cpp,10,0,10
/media/ullmann/hdd/research/engines/cocos2d-x/extensions/Particle3D/PU/CCPUPositionEmitter.h,1,3,4
/media/ullmann/hdd/research/engines/cocos2d-x/cocos/base/CCConfiguration.cpp,6,0,6
/media/ullmann/hdd/research/engines/cocos2d-x/cocos/audio/android/AudioMixerController.h,1,4,5
/media/ullmann/hdd/research/engines/cocos2d-x/cocos/audio/android/utils/Errors.h,0,2,2
/media/ullmann/hdd/research/engines/cocos2d-x/extensions/Particle3D/PU/CCPULineEmitterTranslator.cpp,4,0,4
/media/ullmann/hdd/research/engines/cocos2d-x/cocos/audio/android/AudioResampler.cpp,5,0,5
/media/ullmann/hdd/research/engines/cocos2d-x/cocos/audio/android/utils/Utils.h,0,3,3
/media/ullmann/hdd/research/engines/cocos2d-x/cocos/audio/android/AudioPlayerProvider.cpp,10,0,10
/media/ullmann/hdd/research/engines/cocos2d-x/cocos/audio/android/PcmAudioService.h,3,2,5
/media/ullmann/hdd/research/engines/cocos2d-x/cocos/base/CCEventListenerAcceleration.cpp,3,0,3
/media/ullmann/hdd/research/engines/cocos2d-x/cocos/2d/CCTMXLayer.cpp,9,0,9
/media/ullmann/hdd/research/engines/cocos2d-x/cocos/2d/CCTMXTiledMap.h,3,9,12
/media/ullmann/hdd/research/engines/cocos2d-x/cocos/network/CCDownloader-curl.cpp,5,0,5
/media/ullmann/hdd/research/engines/cocos2d-x/cocos/network/CCDownloader-curl.h,1,2,3
/media/ullmann/hdd/research/engines/cocos2d-x/extensions/Particle3D/PU/CCPUDynamicAttributeTranslator.cpp,2,0,2
/media/ullmann/hdd/research/engines/cocos2d-x/cocos/base/ccRandom.cpp,1,0,1
/media/ullmann/hdd/research/engines/cocos2d-x/cocos/base/ccRandom.h,1,4,5
/media/ullmann/hdd/research/engines/cocos2d-x/tests/cpp-tests/Classes/BugsTest/BugsTest.h,1,17,18
/media/ullmann/hdd/research/engines/cocos2d-x/tests/cpp-tests/Classes/ExtensionsTest/NetworkTest/WebSocketDelayTest.h,3,2,5
/media/ullmann/hdd/research/engines/cocos2d-x/cocos/renderer/backend/CommandBuffer.cpp,1,0,1
/media/ullmann/hdd/research/engines/cocos2d-x/cocos/renderer/backend/CommandBuffer.h,6,4,10
/media/ullmann/hdd/research/engines/cocos2d-x/cocos/ui/UILayoutComponent.cpp,5,0,5
/media/ullmann/hdd/research/engines/cocos2d-x/cocos/ui/UIPageView.h,2,6,8
/media/ullmann/hdd/research/engines/cocos2d-x/tests/cpp-tests/Classes/TouchesTest/Paddle.h,1,3,4
/media/ullmann/hdd/research/engines/cocos2d-x/cocos/base/CCScriptSupport.cpp,3,0,3
/media/ullmann/hdd/research/engines/cocos2d-x/extensions/Particle3D/PU/CCPUBoxEmitterTranslator.h,3,2,5
/media/ullmann/hdd/research/engines/cocos2d-x/tests/cpp-tests/Classes/SpritePolygonTest/SpritePolygonTest.cpp,3,0,3
/media/ullmann/hdd/research/engines/cocos2d-x/cocos/editor-support/cocostudio/WidgetReader/Sprite3DReader/Sprite3DReader.h,4,3,7
/media/ullmann/hdd/research/engines/cocos2d-x/cocos/math/Vec2.h,2,10,12
/media/ullmann/hdd/research/engines/cocos2d-x/cocos/scripting/lua-bindings/manual/audioengine/lua_cocos2dx_audioengine_manual.cpp,6,0,6
/media/ullmann/hdd/research/engines/cocos2d-x/extensions/Particle3D/PU/CCPUSlaveEmitter.cpp,3,0,3
/media/ullmann/hdd/research/engines/cocos2d-x/cocos/audio/android/PcmBufferProvider.cpp,2,0,2
/media/ullmann/hdd/research/engines/cocos2d-x/cocos/2d/CCRenderTexture.h,7,7,14
/media/ullmann/hdd/research/engines/cocos2d-x/cocos/platform/CCImage.h,2,13,15
/media/ullmann/hdd/research/engines/cocos2d-x/extensions/Particle3D/PU/CCPUTextureRotator.cpp,2,0,2
/media/ullmann/hdd/research/engines/cocos2d-x/cocos/ui/UITextField.h,3,3,6
/media/ullmann/hdd/research/engines/cocos2d-x/cocos/audio/include/AudioEngine.h,3,10,13
/media/ullmann/hdd/research/engines/cocos2d-x/cocos/editor-support/cocostudio/CCProcessBase.cpp,2,0,2
/media/ullmann/hdd/research/engines/cocos2d-x/cocos/editor-support/cocostudio/CCProcessBase.h,3,4,7
/media/ullmann/hdd/research/engines/cocos2d-x/cocos/3d/CCAABB.h,2,13,15
/media/ullmann/hdd/research/engines/cocos2d-x/tests/cpp-tests/Classes/UITest/CocoStudioGUITest/UIScene.h,3,23,26
/media/ullmann/hdd/research/engines/cocos2d-x/cocos/editor-support/cocostudio/CCSSceneReader.cpp,6,0,6
/media/ullmann/hdd/research/engines/cocos2d-x/cocos/audio/android/ICallerThreadUtils.h,0,4,4
/media/ullmann/hdd/research/engines/cocos2d-x/cocos/renderer/backend/Texture.cpp,1,0,1
/media/ullmann/hdd/research/engines/cocos2d-x/cocos/editor-support/cocostudio/CCBone.cpp,6,0,6
/media/ullmann/hdd/research/engines/cocos2d-x/cocos/editor-support/cocostudio/CCTransformHelp.h,3,10,13
/media/ullmann/hdd/research/engines/cocos2d-x/cocos/network/HttpClient.h,5,5,10
/media/ullmann/hdd/research/engines/cocos2d-x/cocos/network/HttpCookie.h,0,2,2
/media/ullmann/hdd/research/engines/cocos2d-x/tests/cpp-tests/Classes/LabelTest/LabelTestNew.cpp,4,0,4
/media/ullmann/hdd/research/engines/cocos2d-x/tests/cpp-tests/Classes/MultiTouchTest/MultiTouchTest.cpp,1,0,1
/media/ullmann/hdd/research/engines/cocos2d-x/tests/cpp-tests/Classes/MultiTouchTest/MultiTouchTest.h,1,2,3
/media/ullmann/hdd/research/engines/cocos2d-x/cocos/editor-support/cocostudio/CCSGUIReader.cpp,21,0,21
/media/ullmann/hdd/research/engines/cocos2d-x/cocos/navmesh/CCNavMeshObstacle.cpp,4,0,4
/media/ullmann/hdd/research/engines/cocos2d-x/cocos/editor-support/cocostudio/TriggerObj.cpp,2,0,2
/media/ullmann/hdd/research/engines/cocos2d-x/cocos/renderer/shaders/label_normal.frag,0,1,1
/media/ullmann/hdd/research/engines/cocos2d-x/extensions/Particle3D/PU/CCPUOnEventFlagObserver.h,3,3,6
/media/ullmann/hdd/research/engines/cocos2d-x/cocos/3d/CCBundleReader.cpp,2,0,2
/media/ullmann/hdd/research/engines/cocos2d-x/cocos/2d/CCFastTMXLayer.cpp,13,0,13
/media/ullmann/hdd/research/engines/cocos2d-x/cocos/renderer/CCTextureCache.h,3,35,38
/media/ullmann/hdd/research/engines/cocos2d-x/extensions/GUI/CCControlExtension/CCControlUtils.cpp,1,0,1
/media/ullmann/hdd/research/engines/cocos2d-x/extensions/GUI/CCControlExtension/CCControlUtils.h,3,3,6
/media/ullmann/hdd/research/engines/cocos2d-x/extensions/Particle3D/PU/CCPUBehaviourManager.h,4,3,7
/media/ullmann/hdd/research/engines/cocos2d-x/extensions/GUI/CCControlExtension/CCControlExtensions.h,7,1,8
/media/ullmann/hdd/research/engines/cocos2d-x/extensions/GUI/CCControlExtension/CCControlSwitch.h,2,2,4
/media/ullmann/hdd/research/engines/cocos2d-x/cocos/scripting/lua-bindings/manual/LuaBasicConversions.cpp,7,0,7
/media/ullmann/hdd/research/engines/cocos2d-x/cocos/renderer/CCCallbackCommand.cpp,2,0,2
/media/ullmann/hdd/research/engines/cocos2d-x/extensions/Particle3D/PU/CCPUColorAffector.h,2,3,5
/media/ullmann/hdd/research/engines/cocos2d-x/cocos/audio/android/PcmAudioPlayer.h,3,2,5
/media/ullmann/hdd/research/engines/cocos2d-x/cocos/audio/android/Track.h,3,3,6
/media/ullmann/hdd/research/engines/cocos2d-x/cocos/scripting/lua-bindings/auto/lua_cocos2dx_auto.cpp,9,0,9
/media/ullmann/hdd/research/engines/cocos2d-x/extensions/Particle3D/PU/CCPUDoEnableComponentEventHandler.h,4,3,7
/media/ullmann/hdd/research/engines/cocos2d-x/extensions/Particle3D/PU/CCPUForceFieldAffector.h,2,3,5
/media/ullmann/hdd/research/engines/cocos2d-x/extensions/Particle3D/PU/CCPUForceField.h,3,2,5
/media/ullmann/hdd/research/engines/cocos2d-x/cocos/navmesh/CCNavMeshDebugDraw.cpp,9,0,9
/media/ullmann/hdd/research/engines/cocos2d-x/cocos/2d/CCFastTMXTiledMap.h,2,5,7
/media/ullmann/hdd/research/engines/cocos2d-x/cocos/scripting/lua-bindings/manual/CCLuaStack.cpp,17,0,17
/media/ullmann/hdd/research/engines/cocos2d-x/cocos/scripting/lua-bindings/auto/lua_cocos2dx_backend_auto.hpp,1,2,3
/media/ullmann/hdd/research/engines/cocos2d-x/extensions/Particle3D/PU/CCPUBaseColliderTranslator.h,3,5,8
/media/ullmann/hdd/research/engines/cocos2d-x/cocos/audio/android/AudioDecoder.cpp,3,0,3
/media/ullmann/hdd/research/engines/cocos2d-x/cocos/audio/android/PcmBufferProvider.h,1,3,4
/media/ullmann/hdd/research/engines/cocos2d-x/extensions/Particle3D/PU/CCPUOnEmissionObserverTranslator.h,3,2,5
/media/ullmann/hdd/research/engines/cocos2d-x/cocos/2d/CCFontFreeType.cpp,5,0,5
/media/ullmann/hdd/research/engines/cocos2d-x/extensions/Particle3D/CCParticle3DRender.cpp,13,0,13
/media/ullmann/hdd/research/engines/cocos2d-x/cocos/scripting/deprecated/CCDataVisitor.cpp,9,0,9
/media/ullmann/hdd/research/engines/cocos2d-x/cocos/scripting/deprecated/CCBool.h,2,6,8
/media/ullmann/hdd/research/engines/cocos2d-x/cocos/network/SocketIO.cpp,7,0,7
/media/ullmann/hdd/research/engines/cocos2d-x/cocos/editor-support/cocostudio/CCArmatureDataManager.h,3,8,11
/media/ullmann/hdd/research/engines/cocos2d-x/extensions/Particle3D/CCParticleSystem3D.h,2,10,12
/media/ullmann/hdd/research/engines/cocos2d-x/extensions/Particle3D/PU/CCPUInterParticleColliderTranslator.cpp,4,0,4
/media/ullmann/hdd/research/engines/cocos2d-x/cocos/scripting/lua-bindings/manual/cocostudio/lua_cocos2dx_csloader_manual.cpp,8,0,8
/media/ullmann/hdd/research/engines/cocos2d-x/cocos/renderer/CCRenderState.h,7,20,27
/media/ullmann/hdd/research/engines/cocos2d-x/cocos/navmesh/CCNavMeshDebugDraw.h,9,2,11
/media/ullmann/hdd/research/engines/cocos2d-x/cocos/editor-support/cocostudio/WidgetReader/ScrollViewReader/ScrollViewReader.h,2,6,8
/media/ullmann/hdd/research/engines/cocos2d-x/extensions/Particle3D/PU/CCPUVortexAffectorTranslator.cpp,4,0,4
/media/ullmann/hdd/research/engines/cocos2d-x/extensions/Particle3D/PU/CCPUVortexAffectorTranslator.h,3,2,5
/media/ullmann/hdd/research/engines/cocos2d-x/cocos/renderer/backend/opengl/UtilsGL.h,3,6,9
/media/ullmann/hdd/research/engines/cocos2d-x/extensions/Particle3D/PU/CCPUEventHandlerManager.cpp,8,0,8
/media/ullmann/hdd/research/engines/cocos2d-x/extensions/Particle3D/PU/CCPUDoStopSystemEventHandler.h,3,3,6
/media/ullmann/hdd/research/engines/cocos2d-x/extensions/Particle3D/PU/CCPULineEmitterTranslator.h,3,2,5
/media/ullmann/hdd/research/engines/cocos2d-x/extensions/Particle3D/PU/CCPULineEmitter.h,1,3,4
/media/ullmann/hdd/research/engines/cocos2d-x/tests/cpp-tests/Classes/UITest/CocoStudioGUITest/UIRichTextTest/UIRichTextTest.cpp,3,0,3
/media/ullmann/hdd/research/engines/cocos2d-x/tests/cpp-tests/Classes/UITest/CocoStudioGUITest/UIRichTextTest/UIRichTextTest.h,1,2,3
/media/ullmann/hdd/research/engines/cocos2d-x/cocos/scripting/lua-bindings/auto/lua_cocos2dx_navmesh_auto.hpp,1,2,3
/media/ullmann/hdd/research/engines/cocos2d-x/cocos/ui/UIEditBox/UIEditBoxImpl-android.cpp,9,0,9
/media/ullmann/hdd/research/engines/cocos2d-x/extensions/Particle3D/PU/CCPUTechniqueTranslator.cpp,2,0,2
/media/ullmann/hdd/research/engines/cocos2d-x/extensions/Particle3D/PU/CCPUTechniqueTranslator.h,3,2,5
/media/ullmann/hdd/research/engines/cocos2d-x/tests/cpp-tests/Classes/SpineTest/SpineTest.h,2,2,4
/media/ullmann/hdd/research/engines/cocos2d-x/cocos/renderer/backend/metal/DeviceInfoMTL.h,1,0,1
/media/ullmann/hdd/research/engines/cocos2d-x/extensions/Particle3D/PU/CCPUPathFollower.h,3,3,6
/media/ullmann/hdd/research/engines/cocos2d-x/extensions/Particle3D/PU/CCPUAffector.h,3,29,32
/media/ullmann/hdd/research/engines/cocos2d-x/cocos/3d/CCSprite3DMaterial.h,4,5,9
/media/ullmann/hdd/research/engines/cocos2d-x/cocos/renderer/backend/metal/TextureMTL.h,2,0,2
/media/ullmann/hdd/research/engines/cocos2d-x/cocos/base/CCStencilStateManager.cpp,5,0,5
/media/ullmann/hdd/research/engines/cocos2d-x/extensions/GUI/CCControlExtension/CCControlSwitch.cpp,7,0,7
/media/ullmann/hdd/research/engines/cocos2d-x/cocos/renderer/CCMeshCommand.h,6,16,22
/media/ullmann/hdd/research/engines/cocos2d-x/cocos/base/CCVector.h,2,25,27
/media/ullmann/hdd/research/engines/cocos2d-x/extensions/Particle3D/PU/CCPUOnCountObserverTranslator.h,3,2,5
/media/ullmann/hdd/research/engines/cocos2d-x/cocos/2d/CCTMXLayer.h,3,5,8
/media/ullmann/hdd/research/engines/cocos2d-x/cocos/platform/apple/CCFileUtils-apple.h,3,0,3
/media/ullmann/hdd/research/engines/cocos2d-x/extensions/Particle3D/PU/CCPUGeometryRotatorTranslator.cpp,4,0,4
/media/ullmann/hdd/research/engines/cocos2d-x/extensions/Particle3D/PU/CCPUGeometryRotatorTranslator.h,3,2,5
/media/ullmann/hdd/research/engines/cocos2d-x/cocos/audio/win32/AudioDecoderMp3.cpp,4,0,4
/media/ullmann/hdd/research/engines/cocos2d-x/cocos/base/CCConsole.h,3,16,19
/media/ullmann/hdd/research/engines/cocos2d-x/extensions/Particle3D/PU/CCPUSphereColliderTranslator.cpp,5,0,5
/media/ullmann/hdd/research/engines/cocos2d-x/extensions/assets-manager/CCEventListenerAssetsManagerEx.h,4,3,7
/media/ullmann/hdd/research/engines/cocos2d-x/tests/cpp-tests/Classes/LayerTest/LayerTest.h,3,2,5
/media/ullmann/hdd/research/engines/cocos2d-x/cocos/2d/CCFontCharMap.cpp,5,0,5
/media/ullmann/hdd/research/engines/cocos2d-x/cocos/2d/CCClippingNode.cpp,6,0,6
/media/ullmann/hdd/research/engines/cocos2d-x/cocos/base/CCStencilStateManager.h,4,3,7
/media/ullmann/hdd/research/engines/cocos2d-x/tests/performance-tests/Classes/tests/PerformanceTextureTest.h,1,2,3
/media/ullmann/hdd/research/engines/cocos2d-x/extensions/GUI/CCControlExtension/CCControlColourPicker.h,5,2,7
/media/ullmann/hdd/research/engines/cocos2d-x/extensions/GUI/CCControlExtension/CCControlSaturationBrightnessPicker.h,3,2,5
/media/ullmann/hdd/research/engines/cocos2d-x/cocos/renderer/backend/RenderPassDescriptor.cpp,1,0,1
/media/ullmann/hdd/research/engines/cocos2d-x/cocos/renderer/backend/RenderPassDescriptor.h,2,6,8
/media/ullmann/hdd/research/engines/cocos2d-x/tests/cpp-tests/Classes/ChipmunkTest/ChipmunkTest.cpp,1,0,1
/media/ullmann/hdd/research/engines/cocos2d-x/cocos/editor-support/cocostudio/WidgetReader/LayoutReader/LayoutReader.cpp,11,0,11
/media/ullmann/hdd/research/engines/cocos2d-x/cocos/ui/UIAbstractCheckButton.cpp,4,0,4
/media/ullmann/hdd/research/engines/cocos2d-x/cocos/base/CCDirector.cpp,29,0,29
/media/ullmann/hdd/research/engines/cocos2d-x/cocos/2d/CCLabel.cpp,22,0,22
/media/ullmann/hdd/research/engines/cocos2d-x/cocos/2d/CCFontFNT.h,1,6,7
/media/ullmann/hdd/research/engines/cocos2d-x/extensions/Particle3D/PU/CCPUBehaviour.h,3,5,8
/media/ullmann/hdd/research/engines/cocos2d-x/extensions/assets-manager/AssetsManagerEx.cpp,5,0,5
/media/ullmann/hdd/research/engines/cocos2d-x/cocos/base/CCEventListenerTouch.cpp,4,0,4
/media/ullmann/hdd/research/engines/cocos2d-x/extensions/Particle3D/PU/CCPUMaterialTranslator.h,2,2,4
/media/ullmann/hdd/research/engines/cocos2d-x/cocos/ui/UIPageViewIndicator.h,2,2,4
/media/ullmann/hdd/research/engines/cocos2d-x/extensions/Particle3D/PU/CCPUObserverManager.cpp,12,0,12
/media/ullmann/hdd/research/engines/cocos2d-x/extensions/Particle3D/PU/CCPUOnPositionObserver.h,3,3,6
/media/ullmann/hdd/research/engines/cocos2d-x/cocos/base/s3tc.h,1,2,3
/media/ullmann/hdd/research/engines/cocos2d-x/cocos/editor-support/cocostudio/CCInputDelegate.h,7,3,10
/media/ullmann/hdd/research/engines/cocos2d-x/cocos/math/Quaternion.cpp,2,0,2
/media/ullmann/hdd/research/engines/cocos2d-x/extensions/Particle3D/PU/CCPUGeometryRotator.cpp,2,0,2
/media/ullmann/hdd/research/engines/cocos2d-x/cocos/editor-support/cocostudio/WidgetReader/UserCameraReader/UserCameraReader.h,4,3,7
/media/ullmann/hdd/research/engines/cocos2d-x/cocos/3d/CCMeshVertexIndexData.h,7,6,13
/media/ullmann/hdd/research/engines/cocos2d-x/cocos/editor-support/cocostudio/CSParseBinary_generated.h,0,34,34
/media/ullmann/hdd/research/engines/cocos2d-x/cocos/audio/android/AudioEngine-inl.h,2,2,4
/media/ullmann/hdd/research/engines/cocos2d-x/cocos/renderer/backend/opengl/DeviceInfoGL.h,1,2,3
/media/ullmann/hdd/research/engines/cocos2d-x/extensions/Particle3D/PU/CCPUCircleEmitterTranslator.cpp,4,0,4
/media/ullmann/hdd/research/engines/cocos2d-x/cocos/physics3d/CCPhysics3DShape.h,3,1,4
/media/ullmann/hdd/research/engines/cocos2d-x/cocos/scripting/deprecated/CCDeprecated.h,53,2,55
/media/ullmann/hdd/research/engines/cocos2d-x/cocos/2d/CCTileMapAtlas.cpp,6,0,6
/media/ullmann/hdd/research/engines/cocos2d-x/cocos/base/TGAlib.h,0,3,3
/media/ullmann/hdd/research/engines/cocos2d-x/cocos/2d/CCActionManager.h,3,4,7
/media/ullmann/hdd/research/engines/cocos2d-x/extensions/Particle3D/PU/CCPUBillboardChain.h,6,3,9
/media/ullmann/hdd/research/engines/cocos2d-x/extensions/GUI/CCControlExtension/CCControl.cpp,7,0,7
/media/ullmann/hdd/research/engines/cocos2d-x/cocos/2d/CCMenu.h,3,5,8
/media/ullmann/hdd/research/engines/cocos2d-x/cocos/scripting/lua-bindings/manual/physics3d/lua_cocos2dx_physics3d_manual.cpp,8,0,8
/media/ullmann/hdd/research/engines/cocos2d-x/cocos/base/CCEvent.h,2,14,16
/media/ullmann/hdd/research/engines/cocos2d-x/cocos/3d/CCMeshSkin.cpp,3,0,3
/media/ullmann/hdd/research/engines/cocos2d-x/cocos/renderer/shaders/positionColorLengthTexture.frag,0,1,1
/media/ullmann/hdd/research/engines/cocos2d-x/cocos/2d/CCNodeGrid.h,3,7,10
/media/ullmann/hdd/research/engines/cocos2d-x/cocos/physics3d/CCPhysicsSprite3D.h,4,1,5
/media/ullmann/hdd/research/engines/cocos2d-x/tests/cpp-tests/Classes/ExtensionsTest/ExtensionsTest.cpp,7,0,7
/media/ullmann/hdd/research/engines/cocos2d-x/extensions/Particle3D/PU/CCPUParticleFollowerTranslator.h,3,2,5
/media/ullmann/hdd/research/engines/cocos2d-x/cocos/renderer/CCTextureCache.cpp,10,0,10
/media/ullmann/hdd/research/engines/cocos2d-x/cocos/2d/CCGrid.h,6,8,14
/media/ullmann/hdd/research/engines/cocos2d-x/cocos/renderer/CCCallbackCommand.h,1,15,16
/media/ullmann/hdd/research/engines/cocos2d-x/cocos/2d/CCTextFieldTTF.h,2,4,6
/media/ullmann/hdd/research/engines/cocos2d-x/cocos/renderer/backend/opengl/ProgramGL.cpp,8,0,8
/media/ullmann/hdd/research/engines/cocos2d-x/cocos/editor-support/cocostudio/WidgetReader/SingleNodeReader/SingleNodeReader.cpp,4,0,4
/media/ullmann/hdd/research/engines/cocos2d-x/cocos/editor-support/cocostudio/CCDataReaderHelper.cpp,11,0,11
/media/ullmann/hdd/research/engines/cocos2d-x/cocos/editor-support/cocostudio/CCUtilMath.h,3,10,13
/media/ullmann/hdd/research/engines/cocos2d-x/cocos/2d/CCFontAtlasCache.cpp,8,0,8
/media/ullmann/hdd/research/engines/cocos2d-x/cocos/2d/CCFontCharMap.h,1,2,3
/media/ullmann/hdd/research/engines/cocos2d-x/cocos/editor-support/cocostudio/WidgetReader/ComAudioReader/ComAudioReader.h,5,4,9
/media/ullmann/hdd/research/engines/cocos2d-x/cocos/math/Mat4.cpp,4,0,4
/media/ullmann/hdd/research/engines/cocos2d-x/cocos/math/MathUtil.h,1,6,7
/media/ullmann/hdd/research/engines/cocos2d-x/tests/cpp-tests/Classes/MaterialSystemTest/MaterialSystemTest.cpp,4,0,4
/media/ullmann/hdd/research/engines/cocos2d-x/cocos/editor-support/cocostudio/WidgetReader/Node3DReader/Node3DReader.cpp,5,0,5
/media/ullmann/hdd/research/engines/cocos2d-x/cocos/editor-support/cocostudio/CSParse3DBinary_generated.h,0,6,6
/media/ullmann/hdd/research/engines/cocos2d-x/cocos/2d/CCTileMapAtlas.h,2,3,5
/media/ullmann/hdd/research/engines/cocos2d-x/cocos/2d/CCAtlasNode.h,4,6,10
/media/ullmann/hdd/research/engines/cocos2d-x/cocos/scripting/lua-bindings/auto/lua_cocos2dx_spine_auto.cpp,4,0,4
/media/ullmann/hdd/research/engines/cocos2d-x/extensions/Particle3D/PU/CCPUPlaneCollider.h,3,3,6
/media/ullmann/hdd/research/engines/cocos2d-x/cocos/2d/CCParticleExamples.h,1,3,4
/media/ullmann/hdd/research/engines/cocos2d-x/cocos/renderer/CCTextureCube.cpp,6,0,6
/media/ullmann/hdd/research/engines/cocos2d-x/cocos/2d/CCTMXObjectGroup.h,3,6,9
/media/ullmann/hdd/research/engines/cocos2d-x/tests/cpp-tests/Classes/ParallaxTest/ParallaxTest.h,1,2,3
/media/ullmann/hdd/research/engines/cocos2d-x/tests/cpp-tests/Classes/Sprite3DTest/Sprite3DTest.h,1,2,3
/media/ullmann/hdd/research/engines/cocos2d-x/cocos/editor-support/cocostudio/LocalizationManager.cpp,4,0,4
/media/ullmann/hdd/research/engines/cocos2d-x/cocos/editor-support/cocostudio/CSLanguageDataBinary_generated.h,0,2,2
/media/ullmann/hdd/research/engines/cocos2d-x/extensions/Particle3D/PU/CCPUTextureRotator.h,3,3,6
/media/ullmann/hdd/research/engines/cocos2d-x/tests/cpp-tests/Classes/LabelTest/LabelTestNew.h,5,2,7
/media/ullmann/hdd/research/engines/cocos2d-x/cocos/2d/CCFont.h,2,4,6
/media/ullmann/hdd/research/engines/cocos2d-x/cocos/base/CCRef.cpp,4,0,4
/media/ullmann/hdd/research/engines/cocos2d-x/cocos/platform/CCFileUtils.cpp,5,0,5
/media/ullmann/hdd/research/engines/cocos2d-x/cocos/2d/CCTransitionProgress.h,1,3,4
/media/ullmann/hdd/research/engines/cocos2d-x/cocos/scripting/lua-bindings/manual/network/lua_cocos2dx_network_manual.cpp,6,0,6
/media/ullmann/hdd/research/engines/cocos2d-x/cocos/scripting/lua-bindings/manual/network/Lua_web_socket.h,1,2,3
/media/ullmann/hdd/research/engines/cocos2d-x/cocos/physics/CCPhysicsContact.h,6,4,10
/media/ullmann/hdd/research/engines/cocos2d-x/extensions/Particle3D/PU/CCPUBoxColliderTranslator.h,3,2,5
/media/ullmann/hdd/research/engines/cocos2d-x/cocos/3d/CCAnimationCurve.h,4,1,5
/media/ullmann/hdd/research/engines/cocos2d-x/tests/cpp-tests/Classes/ExtensionsTest/TableViewTest/CustomTableViewCell.h,2,2,4
/media/ullmann/hdd/research/engines/cocos2d-x/tests/cpp-tests/Classes/precheader.h,3,0,3
/media/ullmann/hdd/research/engines/cocos2d-x/extensions/Particle3D/PU/CCPUFlockCenteringAffector.h,1,3,4
/media/ullmann/hdd/research/engines/cocos2d-x/extensions/Particle3D/PU/CCPULinearForceAffectorTranslator.h,3,2,5
/media/ullmann/hdd/research/engines/cocos2d-x/extensions/Particle3D/PU/CCPUFlockCenteringAffectorTranslator.cpp,4,0,4
/media/ullmann/hdd/research/engines/cocos2d-x/tests/performance-tests/Classes/tests/controller.cpp,3,0,3
/media/ullmann/hdd/research/engines/cocos2d-x/tests/cpp-tests/Classes/Particle3DTest/Particle3DTest.cpp,3,0,3
/media/ullmann/hdd/research/engines/cocos2d-x/tests/cpp-tests/Classes/ExtensionsTest/NetworkTest/SocketIOTest.cpp,2,0,2
/media/ullmann/hdd/research/engines/cocos2d-x/cocos/2d/CCActionCatmullRom.h,2,5,7
/media/ullmann/hdd/research/engines/cocos2d-x/cocos/editor-support/cocostudio/CCArmatureDataManager.cpp,5,0,5
/media/ullmann/hdd/research/engines/cocos2d-x/extensions/Particle3D/PU/CCPUBillboardChain.cpp,13,0,13
/media/ullmann/hdd/research/engines/cocos2d-x/cocos/2d/CCScene.cpp,11,0,11
/media/ullmann/hdd/research/engines/cocos2d-x/extensions/Particle3D/PU/CCPUDoAffectorEventHandlerTranslator.h,3,2,5
/media/ullmann/hdd/research/engines/cocos2d-x/tests/cpp-tests/Classes/RotateWorldTest/RotateWorldTest.cpp,2,0,2
/media/ullmann/hdd/research/engines/cocos2d-x/cocos/ui/UIImageView.cpp,5,0,5
/media/ullmann/hdd/research/engines/cocos2d-x/cocos/ui/UIEditBox/UIEditBoxImpl-android.h,2,1,3
/media/ullmann/hdd/research/engines/cocos2d-x/cocos/3d/CCMeshSkin.h,4,4,8
/media/ullmann/hdd/research/engines/cocos2d-x/cocos/3d/CCFrustum.h,5,4,9
/media/ullmann/hdd/research/engines/cocos2d-x/cocos/audio/win32/AudioCache.h,3,3,6
/media/ullmann/hdd/research/engines/cocos2d-x/extensions/Particle3D/PU/CCPUOnRandomObserverTranslator.h,3,2,5
/media/ullmann/hdd/research/engines/cocos2d-x/extensions/Particle3D/PU/CCPUOnRandomObserver.h,3,3,6
/media/ullmann/hdd/research/engines/cocos2d-x/extensions/Particle3D/PU/CCPUSlaveBehaviourTranslator.cpp,3,0,3
/media/ullmann/hdd/research/engines/cocos2d-x/cocos/2d/CCParticleSystem.cpp,11,0,11
/media/ullmann/hdd/research/engines/cocos2d-x/cocos/scripting/lua-bindings/auto/lua_cocos2dx_navmesh_auto.cpp,5,0,5
/media/ullmann/hdd/research/engines/cocos2d-x/cocos/ui/UISlider.h,2,5,7
/media/ullmann/hdd/research/engines/cocos2d-x/cocos/editor-support/cocostudio/DictionaryHelper.cpp,2,0,2
/media/ullmann/hdd/research/engines/cocos2d-x/cocos/editor-support/cocostudio/DictionaryHelper.h,1,13,14
/media/ullmann/hdd/research/engines/cocos2d-x/cocos/editor-support/cocostudio/WidgetReader/ProjectNodeReader/ProjectNodeReader.h,3,4,7
/media/ullmann/hdd/research/engines/cocos2d-x/cocos/renderer/backend/VertexLayout.h,3,8,11
/media/ullmann/hdd/research/engines/cocos2d-x/cocos/editor-support/cocostudio/ActionTimeline/CCActionTimelineNode.h,3,4,7
/media/ullmann/hdd/research/engines/cocos2d-x/cocos/editor-support/cocostudio/ActionTimeline/CCTimelineMacro.h,0,7,7
/media/ullmann/hdd/research/engines/cocos2d-x/cocos/scripting/lua-bindings/manual/CCLuaStack.h,2,7,9
/media/ullmann/hdd/research/engines/cocos2d-x/cocos/scripting/lua-bindings/manual/CCLuaValue.h,2,17,19
/media/ullmann/hdd/research/engines/cocos2d-x/cocos/audio/win32/AudioEngine-win32.cpp,6,0,6
/media/ullmann/hdd/research/engines/cocos2d-x/cocos/audio/win32/AudioEngine-win32.h,3,2,5
/media/ullmann/hdd/research/engines/cocos2d-x/tests/performance-tests/Classes/tests/PerformanceEventDispatcherTest.h,1,2,3
/media/ullmann/hdd/research/engines/cocos2d-x/cocos/scripting/lua-bindings/manual/cocos2d/lua_cocos2dx_deprecated.cpp,6,0,6
/media/ullmann/hdd/research/engines/cocos2d-x/tests/cpp-tests/Classes/UITest/CocoStudioGUITest/UITabControlTest/UITabControlTest.h,1,2,3
/media/ullmann/hdd/research/engines/cocos2d-x/cocos/editor-support/cocostudio/WidgetReader/Particle3DReader/Particle3DReader.cpp,7,0,7
/media/ullmann/hdd/research/engines/cocos2d-x/cocos/scripting/lua-bindings/manual/cocos2d/LuaScriptHandlerMgr.cpp,5,0,5
/media/ullmann/hdd/research/engines/cocos2d-x/cocos/editor-support/cocostudio/WidgetReader/SpriteReader/SpriteReader.cpp,8,0,8
/media/ullmann/hdd/research/engines/cocos2d-x/extensions/Particle3D/PU/CCPUSphereColliderTranslator.h,3,2,5
/media/ullmann/hdd/research/engines/cocos2d-x/tests/cpp-tests/Classes/NodeTest/NodeTest.h,1,2,3
/media/ullmann/hdd/research/engines/cocos2d-x/extensions/Particle3D/PU/CCPUGeometryRotator.h,2,3,5
/media/ullmann/hdd/research/engines/cocos2d-x/cocos/editor-support/cocostudio/WidgetReader/TextFieldReader/TextFieldReader.cpp,6,0,6
/media/ullmann/hdd/research/engines/cocos2d-x/cocos/renderer/backend/Types.cpp,1,0,1
/media/ullmann/hdd/research/engines/cocos2d-x/extensions/Particle3D/PU/CCPUDoFreezeEventHandler.h,3,3,6
/media/ullmann/hdd/research/engines/cocos2d-x/tests/cpp-tests/Classes/UITest/CocoStudioGUITest/UIScene.cpp,5,0,5
/media/ullmann/hdd/research/engines/cocos2d-x/cocos/scripting/lua-bindings/auto/lua_cocos2dx_physics_auto.hpp,1,2,3
/media/ullmann/hdd/research/engines/cocos2d-x/tests/cpp-tests/Classes/ClippingNodeTest/ClippingNodeTest.cpp,5,0,5
/media/ullmann/hdd/research/engines/cocos2d-x/cocos/2d/CCActionInterval.cpp,10,0,10
/media/ullmann/hdd/research/engines/cocos2d-x/cocos/base/CCScriptSupport.h,5,14,19
/media/ullmann/hdd/research/engines/cocos2d-x/cocos/scripting/lua-bindings/manual/cocos2d/LuaScriptHandlerMgr.h,3,14,17
/media/ullmann/hdd/research/engines/cocos2d-x/tests/cpp-tests/Classes/UITest/CocoStudioGUITest/UIListViewTest/UIListViewTest.h,2,2,4
/media/ullmann/hdd/research/engines/cocos2d-x/cocos/ui/UIScrollView.h,2,7,9
/media/ullmann/hdd/research/engines/cocos2d-x/tests/cpp-tests/Classes/TouchesTest/Ball.cpp,3,0,3
/media/ullmann/hdd/research/engines/cocos2d-x/tests/cpp-tests/Classes/VisibleRect.h,1,4,5
/media/ullmann/hdd/research/engines/cocos2d-x/cocos/base/ccCArray.h,2,6,8
/media/ullmann/hdd/research/engines/cocos2d-x/extensions/Particle3D/PU/CCPUDoAffectorEventHandler.h,3,3,6
/media/ullmann/hdd/research/engines/cocos2d-x/cocos/audio/android/Track.cpp,2,0,2
/media/ullmann/hdd/research/engines/cocos2d-x/extensions/Particle3D/PU/CCPUOnClearObserver.h,3,3,6
/media/ullmann/hdd/research/engines/cocos2d-x/cocos/scripting/lua-bindings/manual/cocos2d/lua_cocos2dx_deprecated.h,0,2,2
/media/ullmann/hdd/research/engines/cocos2d-x/extensions/Particle3D/PU/CCPUOnVelocityObserverTranslator.h,3,2,5
/media/ullmann/hdd/research/engines/cocos2d-x/extensions/Particle3D/PU/CCPUBoxEmitterTranslator.cpp,4,0,4
/media/ullmann/hdd/research/engines/cocos2d-x/cocos/renderer/CCCustomCommand.h,1,35,36
/media/ullmann/hdd/research/engines/cocos2d-x/cocos/ui/UIWidget.cpp,13,0,13
/media/ullmann/hdd/research/engines/cocos2d-x/cocos/ui/UIHelper.h,3,20,23
/media/ullmann/hdd/research/engines/cocos2d-x/cocos/editor-support/spine/AttachmentVertices.h,1,0,1
/media/ullmann/hdd/research/engines/cocos2d-x/cocos/navmesh/CCNavMesh.cpp,3,0,3
/media/ullmann/hdd/research/engines/cocos2d-x/cocos/renderer/backend/ProgramCache.h,4,5,9
/media/ullmann/hdd/research/engines/cocos2d-x/cocos/renderer/backend/opengl/DepthStencilStateGL.cpp,4,0,4
/media/ullmann/hdd/research/engines/cocos2d-x/tests/cpp-tests/Classes/BugsTest/Bug-CCDrawNode.cpp,2,0,2
/media/ullmann/hdd/research/engines/cocos2d-x/tests/cpp-tests/Classes/BugsTest/Bug-CCDrawNode.h,1,2,3
/media/ullmann/hdd/research/engines/cocos2d-x/extensions/Particle3D/PU/CCPURandomiser.cpp,2,0,2
/media/ullmann/hdd/research/engines/cocos2d-x/extensions/Particle3D/PU/CCPURandomiser.h,2,3,5
/media/ullmann/hdd/research/engines/cocos2d-x/cocos/editor-support/cocostudio/WidgetReader/LoadingBarReader/LoadingBarReader.h,2,5,7
/media/ullmann/hdd/research/engines/cocos2d-x/cocos/2d/CCParticleBatchNode.h,3,6,9
/media/ullmann/hdd/research/engines/cocos2d-x/cocos/editor-support/cocostudio/CCDecorativeDisplay.h,5,4,9
/media/ullmann/hdd/research/engines/cocos2d-x/cocos/editor-support/cocostudio/ActionTimeline/CCBoneNode.cpp,7,0,7
/media/ullmann/hdd/research/engines/cocos2d-x/cocos/2d/CCAtlasNode.cpp,9,0,9
/media/ullmann/hdd/research/engines/cocos2d-x/cocos/editor-support/cocostudio/CCComExtensionData.h,3,6,9
/media/ullmann/hdd/research/engines/cocos2d-x/cocos/ui/UIScrollViewBar.cpp,4,0,4
/media/ullmann/hdd/research/engines/cocos2d-x/cocos/ui/UIScrollViewBar.h,1,2,3
/media/ullmann/hdd/research/engines/cocos2d-x/cocos/editor-support/cocostudio/TriggerMng.cpp,5,0,5
/media/ullmann/hdd/research/engines/cocos2d-x/cocos/base/CCEventListenerKeyboard.cpp,2,0,2
/media/ullmann/hdd/research/engines/cocos2d-x/cocos/scripting/lua-bindings/manual/navmesh/lua_cocos2dx_navmesh_manual.h,0,2,2
/media/ullmann/hdd/research/engines/cocos2d-x/cocos/ui/UITabControl.h,2,4,6
/media/ullmann/hdd/research/engines/cocos2d-x/extensions/assets-manager/CCEventListenerAssetsManagerEx.cpp,4,0,4
/media/ullmann/hdd/research/engines/cocos2d-x/cocos/editor-support/cocostudio/WidgetReader/Node3DReader/Node3DReader.h,4,7,11
/media/ullmann/hdd/research/engines/cocos2d-x/cocos/physics/CCPhysicsBody.h,5,8,13
/media/ullmann/hdd/research/engines/cocos2d-x/extensions/Particle3D/PU/CCPUDoEnableComponentEventHandlerTranslator.h,3,2,5
/media/ullmann/hdd/research/engines/cocos2d-x/cocos/scripting/lua-bindings/manual/cocostudio/lua_cocos2dx_coco_studio_manual.cpp,11,0,11
/media/ullmann/hdd/research/engines/cocos2d-x/cocos/renderer/backend/ProgramCache.cpp,6,0,6
/media/ullmann/hdd/research/engines/cocos2d-x/cocos/editor-support/cocostudio/WidgetReader/TextAtlasReader/TextAtlasReader.cpp,6,0,6
/media/ullmann/hdd/research/engines/cocos2d-x/cocos/editor-support/cocostudio/CCDisplayFactory.h,3,3,6
/media/ullmann/hdd/research/engines/cocos2d-x/cocos/scripting/lua-bindings/auto/lua_cocos2dx_physics3d_auto.hpp,1,2,3
/media/ullmann/hdd/research/engines/cocos2d-x/cocos/editor-support/cocostudio/CCSkin.h,5,6,11
/media/ullmann/hdd/research/engines/cocos2d-x/cocos/2d/CCGrid.cpp,10,0,10
/media/ullmann/hdd/research/engines/cocos2d-x/cocos/scripting/deprecated/CCNotificationCenter.cpp,3,0,3
/media/ullmann/hdd/research/engines/cocos2d-x/cocos/physics3d/CCPhysics3DWorld.cpp,2,0,2
/media/ullmann/hdd/research/engines/cocos2d-x/cocos/physics3d/CCPhysics3D.h,9,12,21
/media/ullmann/hdd/research/engines/cocos2d-x/cocos/editor-support/cocostudio/ActionTimeline/CCFrame.cpp,5,0,5
/media/ullmann/hdd/research/engines/cocos2d-x/cocos/audio/apple/AudioPlayer.h,2,1,3
/media/ullmann/hdd/research/engines/cocos2d-x/cocos/audio/apple/AudioMacros.h,0,2,2
/media/ullmann/hdd/research/engines/cocos2d-x/extensions/Particle3D/PU/CCPUOnCollisionObserver.h,3,3,6
/media/ullmann/hdd/research/engines/cocos2d-x/cocos/base/CCEventTouch.h,1,6,7
/media/ullmann/hdd/research/engines/cocos2d-x/cocos/physics/CCPhysicsWorld.h,4,7,11
/media/ullmann/hdd/research/engines/cocos2d-x/cocos/editor-support/cocostudio/WidgetReader/WidgetReaderProtocol.h,2,2,4
/media/ullmann/hdd/research/engines/cocos2d-x/extensions/Particle3D/PU/CCPUTranslateManager.cpp,2,0,2
/media/ullmann/hdd/research/engines/cocos2d-x/cocos/scripting/lua-bindings/auto/lua_cocos2dx_auto.hpp,1,2,3
/media/ullmann/hdd/research/engines/cocos2d-x/cocos/physics/CCPhysicsWorld.cpp,11,0,11
/media/ullmann/hdd/research/engines/cocos2d-x/tests/cpp-tests/Classes/ZwoptexTest/ZwoptexTest.h,1,2,3
/media/ullmann/hdd/research/engines/cocos2d-x/cocos/physics3d/CCPhysics3DDebugDrawer.h,7,1,8
/media/ullmann/hdd/research/engines/cocos2d-x/cocos/scripting/lua-bindings/manual/network/lua_downloader.h,0,2,2
/media/ullmann/hdd/research/engines/cocos2d-x/cocos/3d/CCMeshVertexIndexData.cpp,13,0,13
/media/ullmann/hdd/research/engines/cocos2d-x/cocos/2d/CCClippingRectangleNode.h,2,2,4
/media/ullmann/hdd/research/engines/cocos2d-x/cocos/renderer/backend/opengl/DeviceGL.h,1,1,2
/media/ullmann/hdd/research/engines/cocos2d-x/cocos/2d/CCActionTween.h,1,6,7
/media/ullmann/hdd/research/engines/cocos2d-x/cocos/2d/CCActionGrid.cpp,4,0,4
/media/ullmann/hdd/research/engines/cocos2d-x/extensions/Particle3D/PU/CCPUPlaneCollider.cpp,2,0,2
/media/ullmann/hdd/research/engines/cocos2d-x/cocos/renderer/backend/opengl/BufferGL.cpp,5,0,5
/media/ullmann/hdd/research/engines/cocos2d-x/tests/cpp-tests/Classes/UITest/CocoStudioGUITest/UIPageViewTest/UIPageViewTest.cpp,2,0,2
/media/ullmann/hdd/research/engines/cocos2d-x/cocos/ui/UIEditBox/UIEditBox.cpp,3,0,3
/media/ullmann/hdd/research/engines/cocos2d-x/tests/cpp-tests/Classes/UITest/CocoStudioGUITest/UICheckBoxTest/UICheckBoxTest.h,1,2,3
/media/ullmann/hdd/research/engines/cocos2d-x/cocos/2d/CCTransitionPageTurn.h,2,3,5
/media/ullmann/hdd/research/engines/cocos2d-x/extensions/Particle3D/PU/CCPUBoxCollider.cpp,2,0,2
/media/ullmann/hdd/research/engines/cocos2d-x/extensions/Particle3D/PU/CCPUBoxCollider.h,1,3,4
/media/ullmann/hdd/research/engines/cocos2d-x/cocos/editor-support/cocostudio/WidgetReader/SingleNodeReader/SingleNodeReader.h,3,4,7
/media/ullmann/hdd/research/engines/cocos2d-x/cocos/audio/android/AudioMixer.h,4,2,6
/media/ullmann/hdd/research/engines/cocos2d-x/cocos/audio/android/AudioResamplerPublic.h,0,1,1
/media/ullmann/hdd/research/engines/cocos2d-x/cocos/2d/CCSpriteFrameCache.cpp,12,0,12
/media/ullmann/hdd/research/engines/cocos2d-x/cocos/base/CCEventListenerCustom.cpp,2,0,2
/media/ullmann/hdd/research/engines/cocos2d-x/cocos/renderer/CCPass.h,5,13,18
/media/ullmann/hdd/research/engines/cocos2d-x/cocos/scripting/lua-bindings/manual/cocostudio/CustomGUIReader.h,1,2,3
/media/ullmann/hdd/research/engines/cocos2d-x/cocos/editor-support/cocostudio/CCSpriteFrameCacheHelper.h,3,3,6
/media/ullmann/hdd/research/engines/cocos2d-x/extensions/Particle3D/PU/CCPUEmitterTranslator.cpp,5,0,5
/media/ullmann/hdd/research/engines/cocos2d-x/extensions/Particle3D/PU/CCPUScaleAffector.h,3,3,6
/media/ullmann/hdd/research/engines/cocos2d-x/cocos/scripting/lua-bindings/auto/lua_cocos2dx_csloader_auto.hpp,1,2,3
/media/ullmann/hdd/research/engines/cocos2d-x/tests/cpp-tests/Classes/DataVisitorTest/DataVisitorTest.cpp,2,0,2
/media/ullmann/hdd/research/engines/cocos2d-x/tests/cpp-tests/Classes/DataVisitorTest/DataVisitorTest.h,1,2,3
/media/ullmann/hdd/research/engines/cocos2d-x/extensions/GUI/CCControlExtension/CCControlPotentiometer.h,3,2,5
/media/ullmann/hdd/research/engines/cocos2d-x/cocos/2d/CCProgressTimer.h,3,6,9
/media/ullmann/hdd/research/engines/cocos2d-x/extensions/Particle3D/PU/CCPUObserver.cpp,4,0,4
/media/ullmann/hdd/research/engines/cocos2d-x/extensions/Particle3D/PU/CCPULinearForceAffectorTranslator.cpp,5,0,5
/media/ullmann/hdd/research/engines/cocos2d-x/extensions/Particle3D/PU/CCPUVertexEmitter.cpp,2,0,2
/media/ullmann/hdd/research/engines/cocos2d-x/cocos/audio/android/PcmData.cpp,2,0,2
/media/ullmann/hdd/research/engines/cocos2d-x/cocos/audio/android/OpenSLHelper.h,1,7,8
/media/ullmann/hdd/research/engines/cocos2d-x/cocos/editor-support/spine/v4/SkeletonTwoColorBatch.cpp,4,0,4
/media/ullmann/hdd/research/engines/cocos2d-x/extensions/Particle3D/PU/CCPUDoScaleEventHandler.h,3,3,6
/media/ullmann/hdd/research/engines/cocos2d-x/cocos/base/CCNS.cpp,2,0,2
/media/ullmann/hdd/research/engines/cocos2d-x/cocos/base/CCNS.h,1,3,4
/media/ullmann/hdd/research/engines/cocos2d-x/cocos/ui/UIButton.cpp,8,0,8
/media/ullmann/hdd/research/engines/cocos2d-x/tests/lua-empty-test/project/proj.win32/main.cpp,1,0,1
/media/ullmann/hdd/research/engines/cocos2d-x/tests/lua-empty-test/project/proj.win32/main.h,1,1,2
/media/ullmann/hdd/research/engines/cocos2d-x/extensions/Particle3D/CCParticle3DEmitter.h,1,3,4
/media/ullmann/hdd/research/engines/cocos2d-x/tests/cpp-tests/Classes/BugsTest/Bug-1159.cpp,1,0,1
/media/ullmann/hdd/research/engines/cocos2d-x/tests/cpp-tests/Classes/BugsTest/Bug-1159.h,1,2,3
/media/ullmann/hdd/research/engines/cocos2d-x/cocos/network/Uri.h,1,4,5
/media/ullmann/hdd/research/engines/cocos2d-x/cocos/ui/UIHBox.h,2,2,4
/media/ullmann/hdd/research/engines/cocos2d-x/cocos/base/CCScheduler.cpp,6,0,6
/media/ullmann/hdd/research/engines/cocos2d-x/cocos/platform/android/javaactivity-android.cpp,9,0,9
/media/ullmann/hdd/research/engines/cocos2d-x/cocos/platform/android/CCApplication-android.h,2,2,4
/media/ullmann/hdd/research/engines/cocos2d-x/cocos/base/CCValue.cpp,2,0,2
/media/ullmann/hdd/research/engines/cocos2d-x/cocos/ui/UIScrollView.cpp,7,0,7
/media/ullmann/hdd/research/engines/cocos2d-x/tests/cpp-tests/Classes/JNITest/JNITest.h,2,2,4
/media/ullmann/hdd/research/engines/cocos2d-x/cocos/platform/desktop/CCGLViewImpl-desktop.h,4,2,6
/media/ullmann/hdd/research/engines/cocos2d-x/cocos/editor-support/cocostudio/WidgetReader/TextReader/TextReader.h,2,5,7
/media/ullmann/hdd/research/engines/cocos2d-x/tests/cpp-tests/Classes/UITest/CocoStudioGUITest/UITabControlTest/UITabControlTest.cpp,2,0,2
/media/ullmann/hdd/research/engines/cocos2d-x/cocos/ui/UITextBMFont.h,2,3,5
/media/ullmann/hdd/research/engines/cocos2d-x/extensions/Particle3D/PU/CCPUBaseCollider.cpp,2,0,2
/media/ullmann/hdd/research/engines/cocos2d-x/cocos/renderer/backend/opengl/UtilsGL.cpp,3,0,3
/media/ullmann/hdd/research/engines/cocos2d-x/extensions/Particle3D/PU/CCPUDoPlacementParticleEventHandlerTranslator.cpp,4,0,4
/media/ullmann/hdd/research/engines/cocos2d-x/cocos/editor-support/cocostudio/CCColliderDetector.cpp,3,0,3
/media/ullmann/hdd/research/engines/cocos2d-x/extensions/Particle3D/PU/CCPUBoxEmitter.h,1,3,4
/media/ullmann/hdd/research/engines/cocos2d-x/tests/cpp-tests/Classes/Camera3DTest/Camera3DTest.cpp,4,0,4
/media/ullmann/hdd/research/engines/cocos2d-x/cocos/audio/android/AudioPlayerProvider.h,3,2,5
/media/ullmann/hdd/research/engines/cocos2d-x/cocos/2d/CCProgressTimer.cpp,9,0,9
/media/ullmann/hdd/research/engines/cocos2d-x/extensions/Particle3D/PU/CCPURibbonTrail.cpp,9,0,9
/media/ullmann/hdd/research/engines/cocos2d-x/cocos/scripting/lua-bindings/auto/lua_cocos2dx_csloader_auto.cpp,4,0,4
/media/ullmann/hdd/research/engines/cocos2d-x/cocos/renderer/backend/ShaderCache.h,4,3,7
/media/ullmann/hdd/research/engines/cocos2d-x/cocos/renderer/backend/Macros.h,0,18,18
/media/ullmann/hdd/research/engines/cocos2d-x/cocos/scripting/lua-bindings/manual/ui/lua_cocos2dx_video_manual.cpp,6,0,6
/media/ullmann/hdd/research/engines/cocos2d-x/cocos/base/CCEventListener.cpp,2,0,2
/media/ullmann/hdd/research/engines/cocos2d-x/tests/lua-tests/project/Classes/lua_assetsmanager_test_sample.cpp,4,0,4
/media/ullmann/hdd/research/engines/cocos2d-x/cocos/platform/CCGL.h,4,12,16
/media/ullmann/hdd/research/engines/cocos2d-x/cocos/platform/android/CCGL-android.h,0,1,1
/media/ullmann/hdd/research/engines/cocos2d-x/tests/cpp-tests/Classes/SchedulerTest/SchedulerTest.h,3,2,5
/media/ullmann/hdd/research/engines/cocos2d-x/cocos/editor-support/cocostudio/WidgetReader/SkeletonReader/BoneNodeReader.cpp,6,0,6
/media/ullmann/hdd/research/engines/cocos2d-x/cocos/base/CCAutoreleasePool.h,1,5,6
/media/ullmann/hdd/research/engines/cocos2d-x/extensions/Particle3D/PU/CCPUBaseForceAffectorTranslator.cpp,4,0,4
/media/ullmann/hdd/research/engines/cocos2d-x/extensions/Particle3D/PU/CCPUBaseForceAffectorTranslator.h,3,4,7
/media/ullmann/hdd/research/engines/cocos2d-x/cocos/network/HttpClient.cpp,3,0,3
/media/ullmann/hdd/research/engines/cocos2d-x/cocos/editor-support/cocostudio/CCComRender.cpp,6,0,6
/media/ullmann/hdd/research/engines/cocos2d-x/cocos/renderer/CCRenderer.cpp,18,0,18
/media/ullmann/hdd/research/engines/cocos2d-x/cocos/2d/CCTransition.cpp,12,0,12
/media/ullmann/hdd/research/engines/cocos2d-x/cocos/2d/CCActionTiledGrid.h,1,4,5
/media/ullmann/hdd/research/engines/cocos2d-x/cocos/scripting/lua-bindings/auto/lua_cocos2dx_video_auto.hpp,1,2,3
/media/ullmann/hdd/research/engines/cocos2d-x/extensions/GUI/CCControlExtension/CCControlButton.cpp,4,0,4
/media/ullmann/hdd/research/engines/cocos2d-x/extensions/GUI/CCControlExtension/CCControlButton.h,4,2,6
/media/ullmann/hdd/research/engines/cocos2d-x/cocos/editor-support/cocostudio/WidgetReader/Particle3DReader/Particle3DReader.h,3,3,6
/media/ullmann/hdd/research/engines/cocos2d-x/cocos/renderer/backend/opengl/RenderPipelineGL.cpp,5,0,5
/media/ullmann/hdd/research/engines/cocos2d-x/cocos/renderer/backend/opengl/ShaderModuleGL.h,2,4,6
/media/ullmann/hdd/research/engines/cocos2d-x/cocos/3d/CCObjLoader.h,0,4,4
/media/ullmann/hdd/research/engines/cocos2d-x/tests/cpp-tests/Classes/BugsTest/Bug-899.h,1,2,3
/media/ullmann/hdd/research/engines/cocos2d-x/tests/cpp-tests/Classes/DownloaderTest/DownloaderTest.cpp,5,0,5
/media/ullmann/hdd/research/engines/cocos2d-x/cocos/ui/UILoadingBar.h,2,4,6
/media/ullmann/hdd/research/engines/cocos2d-x/extensions/Particle3D/PU/CCPUBeamRender.cpp,13,0,13
/media/ullmann/hdd/research/engines/cocos2d-x/cocos/2d/CCAction.cpp,5,0,5
/media/ullmann/hdd/research/engines/cocos2d-x/cocos/editor-support/cocostudio/CCDisplayFactory.cpp,7,0,7
/media/ullmann/hdd/research/engines/cocos2d-x/cocos/ui/UIPageViewIndicator.cpp,3,0,3
/media/ullmann/hdd/research/engines/cocos2d-x/cocos/2d/CCAutoPolygon.h,2,5,7
/media/ullmann/hdd/research/engines/cocos2d-x/extensions/Particle3D/PU/CCPUNoise.cpp,1,0,1
/media/ullmann/hdd/research/engines/cocos2d-x/cocos/renderer/backend/ShaderCache.cpp,2,0,2
/media/ullmann/hdd/research/engines/cocos2d-x/cocos/navmesh/CCNavMeshUtils.cpp,1,0,1
/media/ullmann/hdd/research/engines/cocos2d-x/cocos/scripting/lua-bindings/manual/network/lua_xml_http_request.cpp,7,0,7
/media/ullmann/hdd/research/engines/cocos2d-x/cocos/ui/UIEditBox/UIEditBoxImpl-linux.h,2,1,3
/media/ullmann/hdd/research/engines/cocos2d-x/cocos/ui/UIEditBox/UIEditBoxImpl-common.h,3,6,9
/media/ullmann/hdd/research/engines/cocos2d-x/tests/cpp-tests/Classes/ExtensionsTest/NetworkTest/WebSocketTest.h,3,2,5
/media/ullmann/hdd/research/engines/cocos2d-x/cocos/renderer/CCCustomCommand.cpp,5,0,5
/media/ullmann/hdd/research/engines/cocos2d-x/cocos/renderer/backend/VertexLayout.cpp,2,0,2
/media/ullmann/hdd/research/engines/cocos2d-x/cocos/platform/win32/CCUtils-win32.cpp,3,0,3
/media/ullmann/hdd/research/engines/cocos2d-x/cocos/ui/UIEditBox/UIEditBoxImpl-mac.h,2,1,3
/media/ullmann/hdd/research/engines/cocos2d-x/cocos/base/CCUserDefault.cpp,5,0,5
/media/ullmann/hdd/research/engines/cocos2d-x/cocos/audio/android/IAudioPlayer.h,0,5,5
/media/ullmann/hdd/research/engines/cocos2d-x/extensions/Particle3D/PU/CCPUBaseCollider.h,2,7,9
/media/ullmann/hdd/research/engines/cocos2d-x/extensions/assets-manager/AssetsManagerEx.h,7,4,11
/media/ullmann/hdd/research/engines/cocos2d-x/cocos/renderer/CCTexture2D.cpp,17,0,17
/media/ullmann/hdd/research/engines/cocos2d-x/extensions/Particle3D/PU/CCPUPathFollowerTranslator.cpp,4,0,4
/media/ullmann/hdd/research/engines/cocos2d-x/extensions/Particle3D/PU/CCPUDoExpireEventHandler.h,3,3,6
/media/ullmann/hdd/research/engines/cocos2d-x/tests/cpp-tests/Classes/InputTest/MouseTest.h,2,2,4
/media/ullmann/hdd/research/engines/cocos2d-x/cocos/2d/CCFontFreeType.h,1,5,6
/media/ullmann/hdd/research/engines/cocos2d-x/cocos/editor-support/cocostudio/WidgetReader/ListViewReader/ListViewReader.h,2,5,7
/media/ullmann/hdd/research/engines/cocos2d-x/cocos/base/atitc.cpp,1,0,1
/media/ullmann/hdd/research/engines/cocos2d-x/cocos/base/atitc.h,1,2,3
/media/ullmann/hdd/research/engines/cocos2d-x/cocos/audio/android/audio.h,1,5,6
/media/ullmann/hdd/research/engines/cocos2d-x/tests/cpp-tests/Classes/UITest/CocoStudioGUITest/UILoadingBarTest/UILoadingBarTest.cpp,1,0,1
/media/ullmann/hdd/research/engines/cocos2d-x/tests/cpp-tests/Classes/UITest/CocoStudioGUITest/UILoadingBarTest/UILoadingBarTest.h,1,2,3
/media/ullmann/hdd/research/engines/cocos2d-x/cocos/renderer/CCQuadCommand.cpp,7,0,7
/media/ullmann/hdd/research/engines/cocos2d-x/cocos/audio/android/UrlAudioPlayer.h,3,3,6
/media/ullmann/hdd/research/engines/cocos2d-x/cocos/renderer/backend/opengl/ProgramGL.h,7,5,12
/media/ullmann/hdd/research/engines/cocos2d-x/extensions/Particle3D/PU/CCPUDoFreezeEventHandlerTranslator.h,3,2,5
/media/ullmann/hdd/research/engines/cocos2d-x/cocos/editor-support/cocostudio/SimpleAudioEngine.cpp,2,0,2
/media/ullmann/hdd/research/engines/cocos2d-x/cocos/editor-support/cocostudio/SimpleAudioEngine.h,0,3,3
/media/ullmann/hdd/research/engines/cocos2d-x/cocos/audio/android/AudioBufferProvider.h,1,4,5
/media/ullmann/hdd/research/engines/cocos2d-x/extensions/Particle3D/PU/CCPURandomiserTranslator.h,3,2,5
/media/ullmann/hdd/research/engines/cocos2d-x/cocos/renderer/backend/Device.cpp,1,0,1
/media/ullmann/hdd/research/engines/cocos2d-x/cocos/scripting/lua-bindings/auto/lua_cocos2dx_webview_auto.cpp,4,0,4
/media/ullmann/hdd/research/engines/cocos2d-x/extensions/Particle3D/PU/CCPUBoxEmitter.cpp,2,0,2
/media/ullmann/hdd/research/engines/cocos2d-x/tests/cpp-tests/Classes/DrawPrimitivesTest/DrawPrimitivesTest.cpp,3,0,3
/media/ullmann/hdd/research/engines/cocos2d-x/tests/cpp-tests/Classes/DrawPrimitivesTest/DrawPrimitivesTest.h,2,2,4
/media/ullmann/hdd/research/engines/cocos2d-x/tests/cpp-tests/Classes/UnitTest/UnitTest.cpp,7,0,7
/media/ullmann/hdd/research/engines/cocos2d-x/cocos/2d/CCComponent.cpp,1,0,1
/media/ullmann/hdd/research/engines/cocos2d-x/extensions/GUI/CCScrollView/CCTableViewCell.h,3,3,6
/media/ullmann/hdd/research/engines/cocos2d-x/cocos/physics3d/CCPhysics3DComponent.h,3,3,6
/media/ullmann/hdd/research/engines/cocos2d-x/cocos/renderer/shaders/3D_terrain.vert,0,1,1
/media/ullmann/hdd/research/engines/cocos2d-x/cocos/scripting/lua-bindings/manual/cocostudio/CustomGUIReader.cpp,2,0,2
/media/ullmann/hdd/research/engines/cocos2d-x/tests/cpp-tests/Classes/NavMeshTest/NavMeshTest.cpp,5,0,5
/media/ullmann/hdd/research/engines/cocos2d-x/cocos/platform/CCApplicationProtocol.h,3,6,9
/media/ullmann/hdd/research/engines/cocos2d-x/tests/performance-tests/Classes/tests/PerformanceMathTest.h,1,2,3
/media/ullmann/hdd/research/engines/cocos2d-x/cocos/editor-support/cocostudio/CCComAudio.h,4,3,7
/media/ullmann/hdd/research/engines/cocos2d-x/cocos/base/CCEnumClass.h,0,1,1
/media/ullmann/hdd/research/engines/cocos2d-x/cocos/2d/CCActionCamera.h,2,5,7
/media/ullmann/hdd/research/engines/cocos2d-x/extensions/Particle3D/PU/CCPULinearForceAffector.cpp,2,0,2
/media/ullmann/hdd/research/engines/cocos2d-x/extensions/Particle3D/PU/CCPULinearForceAffector.h,2,3,5
/media/ullmann/hdd/research/engines/cocos2d-x/cocos/scripting/lua-bindings/manual/spine/LuaSkeletonAnimation.cpp,4,0,4
/media/ullmann/hdd/research/engines/cocos2d-x/cocos/editor-support/cocostudio/CocosStudioExtension.cpp,1,0,1
/media/ullmann/hdd/research/engines/cocos2d-x/cocos/2d/CCActionCamera.cpp,3,0,3
/media/ullmann/hdd/research/engines/cocos2d-x/cocos/editor-support/cocostudio/CCDecorativeDisplay.cpp,2,0,2
/media/ullmann/hdd/research/engines/cocos2d-x/extensions/Particle3D/PU/CCPUSlaveBehaviour.cpp,2,0,2
/media/ullmann/hdd/research/engines/cocos2d-x/extensions/Particle3D/PU/CCPUSineForceAffector.cpp,2,0,2
/media/ullmann/hdd/research/engines/cocos2d-x/cocos/base/CCProfiling.h,3,5,8
/media/ullmann/hdd/research/engines/cocos2d-x/extensions/Particle3D/PU/CCPUSineForceAffectorTranslator.cpp,5,0,5
/media/ullmann/hdd/research/engines/cocos2d-x/tests/performance-tests/Classes/tests/PerformanceParticle3DTest.h,1,2,3
/media/ullmann/hdd/research/engines/cocos2d-x/cocos/audio/android/audio_utils/format.c,4,0,4
/media/ullmann/hdd/research/engines/cocos2d-x/cocos/platform/android/jni/Java_org_cocos2dx_lib_Cocos2dxRenderer.cpp,9,0,9
/media/ullmann/hdd/research/engines/cocos2d-x/cocos/2d/CCActionEase.cpp,2,0,2
/media/ullmann/hdd/research/engines/cocos2d-x/cocos/2d/CCTweenFunction.h,1,8,9
/media/ullmann/hdd/research/engines/cocos2d-x/cocos/2d/CCClippingNode.h,4,4,8
/media/ullmann/hdd/research/engines/cocos2d-x/tests/cpp-tests/Classes/MaterialSystemTest/MaterialSystemTest.h,3,2,5
/media/ullmann/hdd/research/engines/cocos2d-x/tests/cpp-tests/Classes/UITest/CocoStudioGUITest/UIVideoPlayerTest/UIVideoPlayerTest.cpp,1,0,1
/media/ullmann/hdd/research/engines/cocos2d-x/tests/cpp-tests/Classes/UITest/CocoStudioGUITest/UIVideoPlayerTest/UIVideoPlayerTest.h,1,2,3
/media/ullmann/hdd/research/engines/cocos2d-x/cocos/scripting/lua-bindings/manual/ui/lua_cocos2dx_video_manual.hpp,0,2,2
/media/ullmann/hdd/research/engines/cocos2d-x/cocos/scripting/lua-bindings/manual/extension/lua_cocos2dx_extension_manual.cpp,8,0,8
/media/ullmann/hdd/research/engines/cocos2d-x/cocos/2d/CCLabelAtlas.h,3,4,7
/media/ullmann/hdd/research/engines/cocos2d-x/cocos/editor-support/cocostudio/CCComExtensionData.cpp,2,0,2
/media/ullmann/hdd/research/engines/cocos2d-x/cocos/editor-support/cocostudio/WidgetReader/ParticleReader/ParticleReader.cpp,7,0,7
/media/ullmann/hdd/research/engines/cocos2d-x/cocos/base/CCIMEDispatcher.h,1,4,5
/media/ullmann/hdd/research/engines/cocos2d-x/cocos/base/CCIMEDelegate.h,2,5,7
/media/ullmann/hdd/research/engines/cocos2d-x/tests/cpp-tests/Classes/NewAudioEngineTest/NewAudioEngineTest.cpp,3,0,3
/media/ullmann/hdd/research/engines/cocos2d-x/cocos/scripting/lua-bindings/manual/cocostudio/lua-cocos-studio-conversions.cpp,2,0,2
/media/ullmann/hdd/research/engines/cocos2d-x/extensions/GUI/CCControlExtension/CCControlSaturationBrightnessPicker.cpp,1,0,1
/media/ullmann/hdd/research/engines/cocos2d-x/extensions/GUI/CCControlExtension/CCControlSlider.cpp,3,0,3
/media/ullmann/hdd/research/engines/cocos2d-x/extensions/GUI/CCControlExtension/CCControlSlider.h,3,2,5
/media/ullmann/hdd/research/engines/cocos2d-x/extensions/Particle3D/PU/CCPUOnPositionObserverTranslator.h,3,2,5
/media/ullmann/hdd/research/engines/cocos2d-x/extensions/GUI/CCControlExtension/CCInvocation.h,4,6,10
/media/ullmann/hdd/research/engines/cocos2d-x/cocos/physics/CCPhysicsShape.h,3,6,9
/media/ullmann/hdd/research/engines/cocos2d-x/cocos/editor-support/spine/v4/SkeletonBatch.h,1,0,1
/media/ullmann/hdd/research/engines/cocos2d-x/cocos/3d/CCSprite3D.cpp,21,0,21
/media/ullmann/hdd/research/engines/cocos2d-x/cocos/editor-support/cocostudio/ActionTimeline/CCBoneNode.h,6,4,10
/media/ullmann/hdd/research/engines/cocos2d-x/cocos/editor-support/cocostudio/WidgetReader/ParticleReader/ParticleReader.h,3,4,7
/media/ullmann/hdd/research/engines/cocos2d-x/tests/cpp-tests/Classes/SpriteFrameCacheTest/SpriteFrameCacheTest.cpp,1,0,1
/media/ullmann/hdd/research/engines/cocos2d-x/tests/cpp-tests/Classes/SpriteFrameCacheTest/SpriteFrameCacheTest.h,2,2,4
/media/ullmann/hdd/research/engines/cocos2d-x/extensions/Particle3D/PU/CCPUDoFreezeEventHandlerTranslator.cpp,4,0,4
/media/ullmann/hdd/research/engines/cocos2d-x/cocos/audio/android/AudioMixerController.cpp,4,0,4
/media/ullmann/hdd/research/engines/cocos2d-x/cocos/editor-support/cocostudio/WidgetReader/GameMapReader/GameMapReader.h,3,4,7
/media/ullmann/hdd/research/engines/cocos2d-x/extensions/Particle3D/PU/CCPUOnPositionObserverTranslator.cpp,4,0,4
/media/ullmann/hdd/research/engines/cocos2d-x/tests/cpp-tests/Classes/UITest/UITest.cpp,2,0,2
/media/ullmann/hdd/research/engines/cocos2d-x/tests/cpp-tests/Classes/UITest/CocoStudioGUITest/CocosGUIScene.h,0,3,3
/media/ullmann/hdd/research/engines/cocos2d-x/cocos/2d/CCAnimation.cpp,4,0,4
/media/ullmann/hdd/research/engines/cocos2d-x/extensions/Particle3D/PU/CCPUOnCountObserver.h,3,3,6
/media/ullmann/hdd/research/engines/cocos2d-x/cocos/base/CCIMEDispatcher.cpp,1,0,1
/media/ullmann/hdd/research/engines/cocos2d-x/cocos/scripting/lua-bindings/manual/network/lua_cocos2dx_network_manual.h,0,2,2
/media/ullmann/hdd/research/engines/cocos2d-x/cocos/scripting/lua-bindings/manual/CCComponentLua.cpp,5,0,5
/media/ullmann/hdd/research/engines/cocos2d-x/extensions/Particle3D/PU/CCPUColorAffector.cpp,2,0,2
/media/ullmann/hdd/research/engines/cocos2d-x/cocos/renderer/backend/RenderPipelineDescriptor.h,4,5,9
/media/ullmann/hdd/research/engines/cocos2d-x/extensions/Particle3D/PU/CCPUOnEmissionObserver.h,3,3,6
/media/ullmann/hdd/research/engines/cocos2d-x/cocos/base/ZipUtils.h,4,7,11
/media/ullmann/hdd/research/engines/cocos2d-x/cocos/renderer/backend/DepthStencilState.h,3,6,9
/media/ullmann/hdd/research/engines/cocos2d-x/cocos/editor-support/cocostudio/ActionTimeline/CSLoader.h,5,8,13
/media/ullmann/hdd/research/engines/cocos2d-x/extensions/Particle3D/PU/CCPUParticleFollowerTranslator.cpp,4,0,4
/media/ullmann/hdd/research/engines/cocos2d-x/cocos/renderer/CCTechnique.cpp,3,0,3
/media/ullmann/hdd/research/engines/cocos2d-x/cocos/audio/android/tinysndfile.cpp,3,0,3
/media/ullmann/hdd/research/engines/cocos2d-x/cocos/editor-support/cocostudio/WidgetReader/ImageViewReader/ImageViewReader.cpp,8,0,8
/media/ullmann/hdd/research/engines/cocos2d-x/cocos/2d/CCActionManager.cpp,7,0,7
/media/ullmann/hdd/research/engines/cocos2d-x/tests/cpp-tests/Classes/SpineTest/SpineTest.cpp,2,0,2
/media/ullmann/hdd/research/engines/cocos2d-x/cocos/editor-support/spine/spine.h,0,2,2
/media/ullmann/hdd/research/engines/cocos2d-x/extensions/Particle3D/PU/CCPUPositionEmitterTranslator.cpp,4,0,4
/media/ullmann/hdd/research/engines/cocos2d-x/tests/cpp-tests/Classes/VibrateTest/VibrateTest.cpp,3,0,3
/media/ullmann/hdd/research/engines/cocos2d-x/cocos/base/ccUtils.cpp,16,0,16
/media/ullmann/hdd/research/engines/cocos2d-x/templates/cpp-template-default/Classes/AppDelegate.cpp,3,0,3
/media/ullmann/hdd/research/engines/cocos2d-x/cocos/physics3d/CCPhysics3DDebugDrawer.cpp,10,0,10
/media/ullmann/hdd/research/engines/cocos2d-x/cocos/scripting/deprecated/CCDeprecated.cpp,6,0,6
/media/ullmann/hdd/research/engines/cocos2d-x/tests/performance-tests/Classes/tests/PerformanceLabelTest.h,1,2,3
/media/ullmann/hdd/research/engines/cocos2d-x/cocos/physics/CCPhysicsJoint.cpp,5,0,5
/media/ullmann/hdd/research/engines/cocos2d-x/cocos/physics/CCPhysicsHelper.h,3,5,8
/media/ullmann/hdd/research/engines/cocos2d-x/cocos/2d/CCMotionStreak.h,3,4,7
/media/ullmann/hdd/research/engines/cocos2d-x/cocos/platform/android/jni/Java_org_cocos2dx_lib_Cocos2dxHelper.cpp,4,0,4
/media/ullmann/hdd/research/engines/cocos2d-x/tests/cpp-tests/Classes/ShaderTest/ShaderTest.h,3,3,6
/media/ullmann/hdd/research/engines/cocos2d-x/cocos/audio/android/AudioDecoder.h,3,6,9
/media/ullmann/hdd/research/engines/cocos2d-x/tests/cpp-tests/Classes/CurlTest/CurlTest.h,2,2,4
/media/ullmann/hdd/research/engines/cocos2d-x/extensions/Particle3D/CCParticleSystem3D.cpp,4,0,4
/media/ullmann/hdd/research/engines/cocos2d-x/tests/performance-tests/Classes/AppDelegate.h,1,1,2
/media/ullmann/hdd/research/engines/cocos2d-x/cocos/scripting/lua-bindings/manual/CCLuaValue.cpp,1,0,1
/media/ullmann/hdd/research/engines/cocos2d-x/cocos/base/TGAlib.cpp,3,0,3
/media/ullmann/hdd/research/engines/cocos2d-x/cocos/base/CCData.h,2,17,19
/media/ullmann/hdd/research/engines/cocos2d-x/tests/lua-tests/project/Classes/lua_test_bindings.h,0,2,2
/media/ullmann/hdd/research/engines/cocos2d-x/tests/cpp-tests/Classes/controller.h,0,3,3
/media/ullmann/hdd/research/engines/cocos2d-x/cocos/2d/CCLabelAtlas.cpp,7,0,7
/media/ullmann/hdd/research/engines/cocos2d-x/extensions/Particle3D/PU/CCPUBaseColliderTranslator.cpp,4,0,4
/media/ullmann/hdd/research/engines/cocos2d-x/cocos/editor-support/cocostudio/CCComBase.h,4,6,10
/media/ullmann/hdd/research/engines/cocos2d-x/cocos/2d/CCParticleSystem.h,3,5,8
/media/ullmann/hdd/research/engines/cocos2d-x/cocos/math/Vec3.cpp,3,0,3
/media/ullmann/hdd/research/engines/cocos2d-x/tests/cpp-tests/Classes/ParticleTest/ParticleTest.cpp,3,0,3
/media/ullmann/hdd/research/engines/cocos2d-x/templates/cpp-template-default/proj.win32/main.cpp,2,0,2
/media/ullmann/hdd/research/engines/cocos2d-x/templates/cpp-template-default/proj.win32/main.h,1,1,2
/media/ullmann/hdd/research/engines/cocos2d-x/extensions/assets-manager/Manifest.h,4,3,7
/media/ullmann/hdd/research/engines/cocos2d-x/extensions/Particle3D/PU/CCPUDoExpireEventHandlerTranslator.cpp,4,0,4
/media/ullmann/hdd/research/engines/cocos2d-x/cocos/editor-support/cocostudio/WidgetReader/ArmatureNodeReader/ArmatureNodeReader.cpp,6,0,6
/media/ullmann/hdd/research/engines/cocos2d-x/cocos/math/TransformUtils.cpp,2,0,2
/media/ullmann/hdd/research/engines/cocos2d-x/cocos/platform/win32/CCFileUtils-win32.h,3,1,4
/media/ullmann/hdd/research/engines/cocos2d-x/tests/cpp-tests/Classes/TextureCacheTest/TextureCacheTest.h,2,2,4
/media/ullmann/hdd/research/engines/cocos2d-x/tests/cpp-tests/Classes/SpritePolygonTest/SpritePolygonTest.h,2,2,4
/media/ullmann/hdd/research/engines/cocos2d-x/extensions/Particle3D/PU/CCPUCircleEmitterTranslator.h,3,2,5
/media/ullmann/hdd/research/engines/cocos2d-x/extensions/Particle3D/PU/CCPUAffectorTranslator.h,3,2,5
/media/ullmann/hdd/research/engines/cocos2d-x/cocos/physics/CCPhysicsShape.cpp,4,0,4
/media/ullmann/hdd/research/engines/cocos2d-x/tests/cpp-tests/Classes/BugsTest/Bug-886.h,1,2,3
/media/ullmann/hdd/research/engines/cocos2d-x/cocos/audio/win32/AudioCache.cpp,6,0,6
/media/ullmann/hdd/research/engines/cocos2d-x/cocos/ui/UILayoutParameter.h,2,2,4
/media/ullmann/hdd/research/engines/cocos2d-x/cocos/editor-support/cocostudio/TriggerBase.cpp,2,0,2
/media/ullmann/hdd/research/engines/cocos2d-x/cocos/2d/CCProtectedNode.h,1,4,5
/media/ullmann/hdd/research/engines/cocos2d-x/cocos/scripting/lua-bindings/manual/3d/lua_cocos2dx_3d_manual.h,0,2,2
/media/ullmann/hdd/research/engines/cocos2d-x/cocos/ui/UILayoutManager.h,3,2,5
/media/ullmann/hdd/research/engines/cocos2d-x/extensions/Particle3D/PU/CCPUOnEventFlagObserverTranslator.cpp,4,0,4
/media/ullmann/hdd/research/engines/cocos2d-x/tests/cpp-tests/Classes/BillBoardTest/BillBoardTest.h,1,2,3
/media/ullmann/hdd/research/engines/cocos2d-x/cocos/platform/ios/CCApplication-ios.h,2,1,3
/media/ullmann/hdd/research/engines/cocos2d-x/cocos/scripting/lua-bindings/manual/cocos2d/lua_cocos2dx_manual.hpp,4,4,8
/media/ullmann/hdd/research/engines/cocos2d-x/tests/cpp-tests/Classes/TileMapTest/TileMapTest2.cpp,4,0,4
/media/ullmann/hdd/research/engines/cocos2d-x/tests/cpp-tests/Classes/LightTest/LightTest.h,1,2,3
/media/ullmann/hdd/research/engines/cocos2d-x/extensions/Particle3D/PU/CCPUOnCollisionObserver.cpp,2,0,2
/media/ullmann/hdd/research/engines/cocos2d-x/cocos/renderer/CCMaterial.cpp,10,0,10
/media/ullmann/hdd/research/engines/cocos2d-x/cocos/editor-support/cocostudio/ActionTimeline/CCActionTimelineCache.cpp,11,0,11
/media/ullmann/hdd/research/engines/cocos2d-x/cocos/base/CCEventListenerKeyboard.h,2,8,10
/media/ullmann/hdd/research/engines/cocos2d-x/cocos/editor-support/cocostudio/WidgetReader/ScrollViewReader/ScrollViewReader.cpp,7,0,7
/media/ullmann/hdd/research/engines/cocos2d-x/extensions/Particle3D/PU/CCPUSphereCollider.h,3,3,6
/media/ullmann/hdd/research/engines/cocos2d-x/cocos/ui/UILayout.cpp,13,0,13
/media/ullmann/hdd/research/engines/cocos2d-x/extensions/physics-nodes/CCPhysicsSprite.cpp,3,0,3
/media/ullmann/hdd/research/engines/cocos2d-x/cocos/3d/CCSkybox.cpp,9,0,9
/media/ullmann/hdd/research/engines/cocos2d-x/cocos/3d/CCBillBoard.h,1,3,4
/media/ullmann/hdd/research/engines/cocos2d-x/cocos/audio/win32/AudioPlayer.cpp,4,0,4
/media/ullmann/hdd/research/engines/cocos2d-x/cocos/scripting/lua-bindings/manual/network/Lua_web_socket.cpp,8,0,8
/media/ullmann/hdd/research/engines/cocos2d-x/cocos/2d/CCNode.cpp,11,0,11
/media/ullmann/hdd/research/engines/cocos2d-x/cocos/editor-support/cocostudio/CCTransformHelp.cpp,2,0,2
/media/ullmann/hdd/research/engines/cocos2d-x/extensions/Particle3D/PU/CCPUInterParticleCollider.h,2,3,5
/media/ullmann/hdd/research/engines/cocos2d-x/cocos/renderer/backend/Backend.h,10,1,11
/media/ullmann/hdd/research/engines/cocos2d-x/cocos/platform/CCApplication.h,6,10,16
/media/ullmann/hdd/research/engines/cocos2d-x/cocos/platform/win32/CCCommon-win32.cpp,3,0,3
/media/ullmann/hdd/research/engines/cocos2d-x/tests/cpp-tests/Classes/WindowTest/WindowTest.cpp,1,0,1
/media/ullmann/hdd/research/engines/cocos2d-x/tests/cpp-tests/Classes/WindowTest/WindowTest.h,1,2,3
/media/ullmann/hdd/research/engines/cocos2d-x/tests/cpp-tests/Classes/MotionStreakTest/MotionStreakTest.cpp,2,0,2
/media/ullmann/hdd/research/engines/cocos2d-x/tests/cpp-tests/Classes/CurrentLanguageTest/CurrentLanguageTest.h,2,2,4
/media/ullmann/hdd/research/engines/cocos2d-x/extensions/Particle3D/PU/CCPUVortexAffector.h,3,3,6
/media/ullmann/hdd/research/engines/cocos2d-x/tests/cpp-tests/Classes/ActionManagerTest/ActionManagerTest.h,1,2,3
/media/ullmann/hdd/research/engines/cocos2d-x/cocos/2d/CCFontFNT.cpp,9,0,9
/media/ullmann/hdd/research/engines/cocos2d-x/cocos/platform/win32/CCUtils-win32.h,1,3,4
/media/ullmann/hdd/research/engines/cocos2d-x/cocos/ui/UIEditBox/Mac/CCUIPasswordTextField.h,1,0,1
/media/ullmann/hdd/research/engines/cocos2d-x/cocos/ui/UIEditBox/Mac/CCUITextInput.h,0,4,4
/media/ullmann/hdd/research/engines/cocos2d-x/cocos/audio/android/AudioDecoderSLES.cpp,2,0,2
/media/ullmann/hdd/research/engines/cocos2d-x/cocos/platform/linux/CCFileUtils-linux.h,3,1,4
/media/ullmann/hdd/research/engines/cocos2d-x/tests/cpp-tests/Classes/Sprite3DTest/Sprite3DTest.cpp,7,0,7
/media/ullmann/hdd/research/engines/cocos2d-x/cocos/ui/UIVBox.cpp,1,0,1
/media/ullmann/hdd/research/engines/cocos2d-x/cocos/ui/UIVBox.h,2,2,4
/media/ullmann/hdd/research/engines/cocos2d-x/extensions/Particle3D/PU/CCPUDoPlacementParticleEventHandler.cpp,3,0,3
/media/ullmann/hdd/research/engines/cocos2d-x/cocos/platform/android/CCEnhanceAPI-android.cpp,2,0,2
/media/ullmann/hdd/research/engines/cocos2d-x/cocos/editor-support/cocostudio/CCDisplayManager.h,4,4,8
/media/ullmann/hdd/research/engines/cocos2d-x/cocos/editor-support/cocostudio/CCBatchNode.cpp,6,0,6
/media/ullmann/hdd/research/engines/cocos2d-x/extensions/Particle3D/PU/CCPUCircleEmitter.cpp,4,0,4
/media/ullmann/hdd/research/engines/cocos2d-x/extensions/Particle3D/PU/CCPUMeshSurfaceEmitterTranslator.cpp,4,0,4
/media/ullmann/hdd/research/engines/cocos2d-x/extensions/Particle3D/PU/CCPUMeshSurfaceEmitterTranslator.h,3,2,5
/media/ullmann/hdd/research/engines/cocos2d-x/cocos/2d/CCAction.h,3,9,12
/media/ullmann/hdd/research/engines/cocos2d-x/extensions/Particle3D/PU/CCPUOnClearObserverTranslator.cpp,4,0,4
/media/ullmann/hdd/research/engines/cocos2d-x/extensions/Particle3D/PU/CCPUOnExpireObserverTranslator.cpp,4,0,4
/media/ullmann/hdd/research/engines/cocos2d-x/cocos/ui/GUIDefine.h,1,4,5
/media/ullmann/hdd/research/engines/cocos2d-x/extensions/Particle3D/PU/CCPUDoEnableComponentEventHandler.cpp,4,0,4
/media/ullmann/hdd/research/engines/cocos2d-x/extensions/Particle3D/PU/CCPUCircleEmitter.h,1,3,4
/media/ullmann/hdd/research/engines/cocos2d-x/extensions/GUI/CCScrollView/CCTableView.cpp,2,0,2
/media/ullmann/hdd/research/engines/cocos2d-x/cocos/editor-support/cocostudio/WidgetReader/SkeletonReader/BoneNodeReader.h,2,3,5
/media/ullmann/hdd/research/engines/cocos2d-x/cocos/2d/CCTMXObjectGroup.cpp,2,0,2
/media/ullmann/hdd/research/engines/cocos2d-x/tests/cpp-tests/Classes/IntervalTest/IntervalTest.cpp,2,0,2
/media/ullmann/hdd/research/engines/cocos2d-x/tests/cpp-tests/Classes/IntervalTest/IntervalTest.h,1,2,3
/media/ullmann/hdd/research/engines/cocos2d-x/tests/cpp-tests/Classes/RotateWorldTest/RotateWorldTest.h,1,2,3
/media/ullmann/hdd/research/engines/cocos2d-x/cocos/editor-support/cocostudio/CCArmatureDefine.cpp,1,0,1
/media/ullmann/hdd/research/engines/cocos2d-x/cocos/renderer/backend/metal/RenderPipelineMTL.h,2,0,2
/media/ullmann/hdd/research/engines/cocos2d-x/cocos/editor-support/cocostudio/CCArmatureAnimation.cpp,6,0,6
/media/ullmann/hdd/research/engines/cocos2d-x/tests/cpp-tests/Classes/ClickAndMoveTest/ClickAndMoveTest.h,1,2,3
/media/ullmann/hdd/research/engines/cocos2d-x/cocos/base/CCEventAcceleration.cpp,1,0,1
/media/ullmann/hdd/research/engines/cocos2d-x/cocos/scripting/deprecated/CCSet.h,2,3,5
/media/ullmann/hdd/research/engines/cocos2d-x/extensions/Particle3D/PU/CCPURender.h,6,4,10
/media/ullmann/hdd/research/engines/cocos2d-x/cocos/network/CCDownloader-android.h,1,3,4
/media/ullmann/hdd/research/engines/cocos2d-x/cocos/network/CCIDownloaderImpl.h,1,3,4
/media/ullmann/hdd/research/engines/cocos2d-x/tests/cpp-tests/Classes/NewEventDispatcherTest/NewEventDispatcherTest.h,2,2,4
/media/ullmann/hdd/research/engines/cocos2d-x/cocos/network/WebSocket.h,2,5,7
/media/ullmann/hdd/research/engines/cocos2d-x/tests/cpp-tests/Classes/FontTest/FontTest.cpp,4,0,4
/media/ullmann/hdd/research/engines/cocos2d-x/cocos/editor-support/cocostudio/ActionTimeline/CCSkinNode.h,2,2,4
/media/ullmann/hdd/research/engines/cocos2d-x/extensions/Particle3D/PU/CCPUTextureAnimatorTranslator.cpp,4,0,4
/media/ullmann/hdd/research/engines/cocos2d-x/cocos/2d/CCTMXXMLParser.cpp,6,0,6
/media/ullmann/hdd/research/engines/cocos2d-x/cocos/audio/AudioEngine.cpp,8,0,8
/media/ullmann/hdd/research/engines/cocos2d-x/cocos/3d/CCAttachNode.h,2,3,5
/media/ullmann/hdd/research/engines/cocos2d-x/cocos/base/CCEventKeyboard.h,1,9,10
/media/ullmann/hdd/research/engines/cocos2d-x/cocos/audio/android/cutils/bitops.h,0,2,2
/media/ullmann/hdd/research/engines/cocos2d-x/cocos/editor-support/cocostudio/WidgetReader/TextBMFontReader/TextBMFontReader.cpp,7,0,7
/media/ullmann/hdd/research/engines/cocos2d-x/extensions/Particle3D/PU/CCPUPointEmitterTranslator.cpp,4,0,4
/media/ullmann/hdd/research/engines/cocos2d-x/cocos/editor-support/cocostudio/CCDataReaderHelper.h,5,4,9
/media/ullmann/hdd/research/engines/cocos2d-x/cocos/audio/win32/AudioDecoderManager.h,0,4,4
/media/ullmann/hdd/research/engines/cocos2d-x/cocos/2d/CCFontAtlasCache.h,1,6,7
/media/ullmann/hdd/research/engines/cocos2d-x/cocos/math/Mat4.inl,0,1,1
/media/ullmann/hdd/research/engines/cocos2d-x/cocos/ui/UIEditBox/UIEditBoxImpl-ios.h,1,1,2
/media/ullmann/hdd/research/engines/cocos2d-x/cocos/scripting/lua-bindings/auto/lua_cocos2dx_physics3d_auto.cpp,4,0,4
/media/ullmann/hdd/research/engines/cocos2d-x/extensions/Particle3D/PU/CCPUVelocityMatchingAffector.cpp,2,0,2
/media/ullmann/hdd/research/engines/cocos2d-x/tests/cpp-tests/Classes/UITest/CocoStudioGUITest/UIFocusTest/UIFocusTest.h,1,2,3
/media/ullmann/hdd/research/engines/cocos2d-x/tests/cpp-tests/Classes/ExtensionsTest/NetworkTest/WebSocketTest.cpp,3,0,3
/media/ullmann/hdd/research/engines/cocos2d-x/cocos/network/HttpClient-android.cpp,6,0,6
/media/ullmann/hdd/research/engines/cocos2d-x/cocos/scripting/lua-bindings/manual/platform/android/CCLuaJavaBridge.h,0,3,3
/media/ullmann/hdd/research/engines/cocos2d-x/cocos/renderer/backend/opengl/CommandBufferGL.h,4,2,6
/media/ullmann/hdd/research/engines/cocos2d-x/cocos/physics3d/CCPhysics3DObject.h,3,2,5
/media/ullmann/hdd/research/engines/cocos2d-x/extensions/Particle3D/CCParticle3DAffector.h,1,3,4
/media/ullmann/hdd/research/engines/cocos2d-x/cocos/base/CCAsyncTaskPool.h,3,8,11
/media/ullmann/hdd/research/engines/cocos2d-x/cocos/renderer/shaders/label_outline.frag,0,1,1
/media/ullmann/hdd/research/engines/cocos2d-x/cocos/platform/mac/CCGLViewImpl-mac.h,3,0,3
/media/ullmann/hdd/research/engines/cocos2d-x/cocos/scripting/lua-bindings/manual/ui/lua_cocos2dx_webview_manual.cpp,6,0,6
/media/ullmann/hdd/research/engines/cocos2d-x/cocos/editor-support/cocostudio/WidgetReader/ComAudioReader/ComAudioReader.cpp,4,0,4
/media/ullmann/hdd/research/engines/cocos2d-x/cocos/renderer/backend/opengl/TextureGL.cpp,8,0,8
/media/ullmann/hdd/research/engines/cocos2d-x/cocos/audio/android/AudioDecoderWav.cpp,3,0,3
/media/ullmann/hdd/research/engines/cocos2d-x/cocos/audio/android/AudioDecoderWav.h,1,2,3
/media/ullmann/hdd/research/engines/cocos2d-x/extensions/Particle3D/PU/CCPUDoStopSystemEventHandlerTranslator.h,3,2,5
/media/ullmann/hdd/research/engines/cocos2d-x/extensions/Particle3D/PU/CCPUBaseForceAffector.h,2,5,7
/media/ullmann/hdd/research/engines/cocos2d-x/cocos/base/CCProperties.cpp,10,0,10
/media/ullmann/hdd/research/engines/cocos2d-x/tests/cpp-tests/Classes/PhysicsTest/PhysicsTest.h,1,2,3
/media/ullmann/hdd/research/engines/cocos2d-x/extensions/Particle3D/PU/CCPUOnPositionObserver.cpp,2,0,2
/media/ullmann/hdd/research/engines/cocos2d-x/cocos/platform/android/jni/JniHelper.cpp,2,0,2
/media/ullmann/hdd/research/engines/cocos2d-x/cocos/scripting/lua-bindings/manual/platform/ios/CCLuaObjcBridge.h,1,1,2
/media/ullmann/hdd/research/engines/cocos2d-x/cocos/network/WebSocket.cpp,7,0,7
/media/ullmann/hdd/research/engines/cocos2d-x/extensions/Particle3D/PU/CCPUCollisionAvoidanceAffectorTranslator.cpp,4,0,4
/media/ullmann/hdd/research/engines/cocos2d-x/extensions/GUI/CCControlExtension/CCControlColourPicker.cpp,3,0,3
/media/ullmann/hdd/research/engines/cocos2d-x/cocos/base/CCNinePatchImageParser.cpp,3,0,3
/media/ullmann/hdd/research/engines/cocos2d-x/cocos/renderer/backend/opengl/DeviceGL.cpp,9,0,9
/media/ullmann/hdd/research/engines/cocos2d-x/cocos/scripting/lua-bindings/manual/controller/lua_cocos2dx_controller_manual.cpp,7,0,7
/media/ullmann/hdd/research/engines/cocos2d-x/extensions/Particle3D/PU/CCPUScaleAffectorTranslator.h,3,2,5
/media/ullmann/hdd/research/engines/cocos2d-x/tests/cpp-tests/Classes/RenderTextureTest/RenderTextureTest.h,2,2,4
/media/ullmann/hdd/research/engines/cocos2d-x/tests/cpp-tests/Classes/ExtensionsTest/TableViewTest/TableViewTestScene.h,2,2,4
/media/ullmann/hdd/research/engines/cocos2d-x/extensions/Particle3D/PU/CCPUSineForceAffectorTranslator.h,3,2,5
/media/ullmann/hdd/research/engines/cocos2d-x/cocos/platform/linux/CCGL-linux.h,0,1,1
/media/ullmann/hdd/research/engines/cocos2d-x/cocos/2d/CCProtectedNode.cpp,3,0,3
/media/ullmann/hdd/research/engines/cocos2d-x/cocos/platform/apple/CCDevice-apple.h,1,0,1
/media/ullmann/hdd/research/engines/cocos2d-x/cocos/editor-support/cocostudio/ActionTimeline/CCTimeLine.cpp,2,0,2
/media/ullmann/hdd/research/engines/cocos2d-x/tests/cpp-tests/Classes/UITest/CocoStudioGUITest/UISliderTest/UISliderTest.h,1,2,3
/media/ullmann/hdd/research/engines/cocos2d-x/extensions/Particle3D/PU/CCPUSphereSurfaceEmitter.h,1,3,4
/media/ullmann/hdd/research/engines/cocos2d-x/cocos/renderer/shaders/positionNoMVP.vert,0,1,1
/media/ullmann/hdd/research/engines/cocos2d-x/cocos/renderer/shaders/positionColorLengthTexture.vert,0,1,1
/media/ullmann/hdd/research/engines/cocos2d-x/tests/cpp-tests/Classes/PhysicsTest/PhysicsTest.cpp,3,0,3
/media/ullmann/hdd/research/engines/cocos2d-x/cocos/2d/CCClippingRectangleNode.cpp,5,0,5
/media/ullmann/hdd/research/engines/cocos2d-x/extensions/physics-nodes/CCPhysicsDebugNode.h,3,2,5
/media/ullmann/hdd/research/engines/cocos2d-x/extensions/Particle3D/PU/CCPUSphereCollider.cpp,2,0,2
/media/ullmann/hdd/research/engines/cocos2d-x/extensions/Particle3D/PU/CCPUCollisionAvoidanceAffectorTranslator.h,3,2,5
/media/ullmann/hdd/research/engines/cocos2d-x/tests/cpp-tests/Classes/UserDefaultTest/UserDefaultTest.h,3,2,5
/media/ullmann/hdd/research/engines/cocos2d-x/tests/cpp-tests/Classes/ActionsTest/ActionsTest.h,1,2,3
/media/ullmann/hdd/research/engines/cocos2d-x/tests/cpp-tests/Classes/Camera3DTest/Camera3DTest.h,4,2,6
/media/ullmann/hdd/research/engines/cocos2d-x/cocos/audio/android/audio_utils/primitives.c,3,0,3
/media/ullmann/hdd/research/engines/cocos2d-x/tests/cpp-tests/Classes/UITest/CocoStudioGUITest/UITextBMFontTest/UITextBMFontTest.h,1,2,3
/media/ullmann/hdd/research/engines/cocos2d-x/cocos/editor-support/cocostudio/CCSkin.cpp,7,0,7
/media/ullmann/hdd/research/engines/cocos2d-x/extensions/Particle3D/PU/CCPUPointEmitterTranslator.h,3,2,5
/media/ullmann/hdd/research/engines/cocos2d-x/cocos/scripting/lua-bindings/manual/extension/lua_cocos2dx_extension_manual.h,0,3,3
/media/ullmann/hdd/research/engines/cocos2d-x/tests/cpp-tests/Classes/UITest/CocoStudioGUITest/UIScale9SpriteTest.h,1,2,3
/media/ullmann/hdd/research/engines/cocos2d-x/cocos/2d/CCFastTMXLayer.h,3,5,8
/media/ullmann/hdd/research/engines/cocos2d-x/cocos/ui/UIRelativeBox.h,2,2,4
/media/ullmann/hdd/research/engines/cocos2d-x/cocos/physics3d/CCPhysics3D.cpp,1,0,1
/media/ullmann/hdd/research/engines/cocos2d-x/tests/cpp-empty-test/Classes/HelloWorldScene.cpp,2,0,2
/media/ullmann/hdd/research/engines/cocos2d-x/tests/cpp-empty-test/Classes/AppMacros.h,1,2,3
/media/ullmann/hdd/research/engines/cocos2d-x/cocos/renderer/backend/opengl/CommandBufferGL.cpp,11,0,11
/media/ullmann/hdd/research/engines/cocos2d-x/cocos/2d/CCComponentContainer.cpp,3,0,3
/media/ullmann/hdd/research/engines/cocos2d-x/cocos/platform/win32/CCFileUtils-win32.cpp,3,0,3
/media/ullmann/hdd/research/engines/cocos2d-x/templates/cpp-template-default/proj.linux/main.cpp,1,0,1
/media/ullmann/hdd/research/engines/cocos2d-x/templates/cpp-template-default/Classes/AppDelegate.h,1,2,3
/media/ullmann/hdd/research/engines/cocos2d-x/cocos/platform/mac/CCApplication-mac.h,2,1,3
/media/ullmann/hdd/research/engines/cocos2d-x/cocos/platform/linux/CCDevice-linux.cpp,2,0,2
/media/ullmann/hdd/research/engines/cocos2d-x/cocos/scripting/lua-bindings/manual/audioengine/lua_cocos2dx_audioengine_manual.h,0,2,2
/media/ullmann/hdd/research/engines/cocos2d-x/cocos/3d/CCBillBoard.cpp,5,0,5
/media/ullmann/hdd/research/engines/cocos2d-x/cocos/editor-support/cocostudio/ActionTimeline/CCActionTimelineNode.cpp,2,0,2
/media/ullmann/hdd/research/engines/cocos2d-x/extensions/Particle3D/PU/CCPUEventHandlerTranslator.cpp,4,0,4
/media/ullmann/hdd/research/engines/cocos2d-x/extensions/Particle3D/PU/CCPUOnCountObserverTranslator.cpp,4,0,4
/media/ullmann/hdd/research/engines/cocos2d-x/extensions/Particle3D/PU/CCPUVertexEmitter.h,1,1,2
/media/ullmann/hdd/research/engines/cocos2d-x/cocos/base/CCController-linux-win32.cpp,5,0,5
/media/ullmann/hdd/research/engines/cocos2d-x/tests/cpp-tests/proj.mac/main.cpp,1,0,1
/media/ullmann/hdd/research/engines/cocos2d-x/cocos/platform/android/CCDevice-android.cpp,4,0,4
/media/ullmann/hdd/research/engines/cocos2d-x/cocos/editor-support/cocostudio/CCDatas.cpp,3,0,3
/media/ullmann/hdd/research/engines/cocos2d-x/tests/cpp-tests/Classes/TileMapTest/TileMapTest2.h,1,2,3
/media/ullmann/hdd/research/engines/cocos2d-x/cocos/renderer/backend/opengl/DeviceInfoGL.cpp,2,0,2
/media/ullmann/hdd/research/engines/cocos2d-x/cocos/ui/UIEditBox/UIEditBoxImpl-linux.cpp,4,0,4
/media/ullmann/hdd/research/engines/cocos2d-x/extensions/Particle3D/PU/CCPUEmitterTranslator.h,3,2,5
/media/ullmann/hdd/research/engines/cocos2d-x/extensions/Particle3D/PU/CCPUPositionEmitterTranslator.h,3,2,5
/media/ullmann/hdd/research/engines/cocos2d-x/extensions/Particle3D/PU/CCPUSphereSurfaceEmitterTranslator.h,3,2,5
/media/ullmann/hdd/research/engines/cocos2d-x/cocos/3d/CCOBB.h,1,4,5
/media/ullmann/hdd/research/engines/cocos2d-x/cocos/2d/CCParallaxNode.h,1,3,4
/media/ullmann/hdd/research/engines/cocos2d-x/cocos/base/CCEventController.cpp,1,0,1
/media/ullmann/hdd/research/engines/cocos2d-x/cocos/3d/CCBundleReader.h,3,3,6
/media/ullmann/hdd/research/engines/cocos2d-x/cocos/2d/CCActionPageTurn3D.cpp,3,0,3
/media/ullmann/hdd/research/engines/cocos2d-x/tests/performance-tests/Classes/tests/VisibleRect.h,1,2,3
/media/ullmann/hdd/research/engines/cocos2d-x/cocos/scripting/lua-bindings/manual/CCLuaBridge.h,1,2,3
/media/ullmann/hdd/research/engines/cocos2d-x/cocos/platform/android/CCFileUtils-android.cpp,5,0,5
/media/ullmann/hdd/research/engines/cocos2d-x/cocos/3d/CCAnimation3D.cpp,3,0,3
/media/ullmann/hdd/research/engines/cocos2d-x/tests/cpp-tests/Classes/ConfigurationTest/ConfigurationTest.h,1,2,3
/media/ullmann/hdd/research/engines/cocos2d-x/cocos/network/CCDownloader.h,1,8,9
/media/ullmann/hdd/research/engines/cocos2d-x/cocos/ui/UILoadingBar.cpp,5,0,5
/media/ullmann/hdd/research/engines/cocos2d-x/extensions/Particle3D/PU/CCPURendererTranslator.cpp,3,0,3
/media/ullmann/hdd/research/engines/cocos2d-x/extensions/Particle3D/PU/CCPUDoStopSystemEventHandler.cpp,2,0,2
/media/ullmann/hdd/research/engines/cocos2d-x/cocos/2d/CCAutoPolygon.cpp,3,0,3
/media/ullmann/hdd/research/engines/cocos2d-x/extensions/Particle3D/PU/CCPUDoStopSystemEventHandlerTranslator.cpp,4,0,4
/media/ullmann/hdd/research/engines/cocos2d-x/tests/cpp-tests/Classes/UITest/CocoStudioGUITest/UITextBMFontTest/UITextBMFontTest.cpp,1,0,1
/media/ullmann/hdd/research/engines/cocos2d-x/cocos/renderer/backend/opengl/TextureGL.h,3,3,6
/media/ullmann/hdd/research/engines/cocos2d-x/extensions/Particle3D/PU/CCPUForceField.cpp,1,0,1
/media/ullmann/hdd/research/engines/cocos2d-x/cocos/2d/CCTMXTiledMap.cpp,5,0,5
/media/ullmann/hdd/research/engines/cocos2d-x/extensions/Particle3D/PU/CCPUOnEventFlagObserverTranslator.h,3,2,5
/media/ullmann/hdd/research/engines/cocos2d-x/tests/cpp-tests/Classes/CurrentLanguageTest/CurrentLanguageTest.cpp,1,0,1
/media/ullmann/hdd/research/engines/cocos2d-x/cocos/editor-support/cocostudio/CCBatchNode.h,3,3,6
/media/ullmann/hdd/research/engines/cocos2d-x/cocos/2d/CCActionGrid3D.cpp,2,0,2
/media/ullmann/hdd/research/engines/cocos2d-x/tests/cpp-tests/Classes/UserDefaultTest/UserDefaultTest.cpp,1,0,1
/media/ullmann/hdd/research/engines/cocos2d-x/extensions/Particle3D/PU/CCPUJetAffectorTranslator.cpp,4,0,4
/media/ullmann/hdd/research/engines/cocos2d-x/tests/cpp-tests/Classes/ParallaxTest/ParallaxTest.cpp,2,0,2
/media/ullmann/hdd/research/engines/cocos2d-x/cocos/physics3d/CCPhysics3DConstraint.cpp,1,0,1
/media/ullmann/hdd/research/engines/cocos2d-x/cocos/ui/UIEditBox/UIEditBoxImpl-win32.cpp,7,0,7
/media/ullmann/hdd/research/engines/cocos2d-x/cocos/ui/UIEditBox/UIEditBoxImpl-win32.h,2,1,3
/media/ullmann/hdd/research/engines/cocos2d-x/tests/cpp-tests/Classes/ExtensionsTest/AssetsManagerExTest/AssetsManagerExTest.cpp,3,0,3
/media/ullmann/hdd/research/engines/cocos2d-x/extensions/Particle3D/PU/CCPUVelocityMatchingAffector.h,2,3,5
/media/ullmann/hdd/research/engines/cocos2d-x/cocos/audio/android/audio_utils/include/audio_utils/primitives.h,0,5,5
/media/ullmann/hdd/research/engines/cocos2d-x/tests/cpp-tests/Classes/VRTest/VRTest.cpp,1,0,1
/media/ullmann/hdd/research/engines/cocos2d-x/tests/cpp-tests/Classes/VRTest/VRTest.h,2,1,3
/media/ullmann/hdd/research/engines/cocos2d-x/tests/cpp-tests/Classes/ConsoleTest/ConsoleTest.cpp,2,0,2
/media/ullmann/hdd/research/engines/cocos2d-x/tests/cpp-tests/Classes/ConsoleTest/ConsoleTest.h,1,2,3
/media/ullmann/hdd/research/engines/cocos2d-x/cocos/math/MathUtil.cpp,6,0,6
/media/ullmann/hdd/research/engines/cocos2d-x/cocos/math/MathUtilNeon64.inl,0,2,2
/media/ullmann/hdd/research/engines/cocos2d-x/cocos/editor-support/cocostudio/WidgetReader/SkeletonReader/SkeletonNodeReader.cpp,5,0,5
/media/ullmann/hdd/research/engines/cocos2d-x/extensions/Particle3D/PU/CCPUTextureAnimator.cpp,2,0,2
/media/ullmann/hdd/research/engines/cocos2d-x/tests/cpp-tests/Classes/BugsTest/Bug-12847.cpp,1,0,1
/media/ullmann/hdd/research/engines/cocos2d-x/tests/cpp-tests/Classes/BugsTest/Bug-12847.h,1,2,3
/media/ullmann/hdd/research/engines/cocos2d-x/cocos/base/s3tc.cpp,1,0,1
/media/ullmann/hdd/research/engines/cocos2d-x/cocos/audio/android/audio_utils/include/audio_utils/format.h,1,1,2
/media/ullmann/hdd/research/engines/cocos2d-x/extensions/Particle3D/PU/CCPUBeamRender.h,6,2,8
/media/ullmann/hdd/research/engines/cocos2d-x/tests/performance-tests/Classes/tests/controller.h,0,2,2
/media/ullmann/hdd/research/engines/cocos2d-x/tests/cpp-tests/Classes/BugsTest/Bug-422.h,1,2,3
/media/ullmann/hdd/research/engines/cocos2d-x/cocos/2d/CCLabelTextFormatter.cpp,5,0,5
/media/ullmann/hdd/research/engines/cocos2d-x/cocos/network/CCDownloader-apple.h,1,1,2
/media/ullmann/hdd/research/engines/cocos2d-x/cocos/ui/UITextAtlas.h,2,3,5
/media/ullmann/hdd/research/engines/cocos2d-x/extensions/Particle3D/PU/CCPUDoAffectorEventHandler.cpp,3,0,3
/media/ullmann/hdd/research/engines/cocos2d-x/cocos/scripting/deprecated/CCNotificationCenter.h,2,3,5
/media/ullmann/hdd/research/engines/cocos2d-x/extensions/assets-manager/AssetsManager.h,3,2,5
/media/ullmann/hdd/research/engines/cocos2d-x/cocos/base/CCEventListenerFocus.cpp,3,0,3
/media/ullmann/hdd/research/engines/cocos2d-x/cocos/base/CCEventFocus.h,1,5,6
/media/ullmann/hdd/research/engines/cocos2d-x/cocos/audio/win32/AudioMacros.h,0,5,5
/media/ullmann/hdd/research/engines/cocos2d-x/tests/cpp-tests/Classes/ActionsProgressTest/ActionsProgressTest.cpp,2,0,2
/media/ullmann/hdd/research/engines/cocos2d-x/extensions/Particle3D/PU/CCPUScriptParser.cpp,1,0,1
/media/ullmann/hdd/research/engines/cocos2d-x/extensions/Particle3D/PU/CCPUScriptParser.h,2,2,4
/media/ullmann/hdd/research/engines/cocos2d-x/tests/cpp-tests/Classes/BugsTest/Bug-15594.cpp,1,0,1
/media/ullmann/hdd/research/engines/cocos2d-x/tests/cpp-tests/Classes/BugsTest/Bug-15594.h,1,2,3
/media/ullmann/hdd/research/engines/cocos2d-x/tests/cpp-tests/Classes/ExtensionsTest/ExtensionsTest.h,0,7,7
/media/ullmann/hdd/research/engines/cocos2d-x/extensions/Particle3D/PU/CCPUCollisionAvoidanceAffector.cpp,2,0,2
/media/ullmann/hdd/research/engines/cocos2d-x/cocos/renderer/backend/opengl/BufferGL.h,3,3,6
/media/ullmann/hdd/research/engines/cocos2d-x/cocos/base/CCController-android.cpp,5,0,5
/media/ullmann/hdd/research/engines/cocos2d-x/cocos/audio/android/utils/Utils.cpp,2,0,2
/media/ullmann/hdd/research/engines/cocos2d-x/cocos/base/CCTouch.cpp,2,0,2
/media/ullmann/hdd/research/engines/cocos2d-x/cocos/renderer/shaders/ui_Gray.frag,0,1,1
/media/ullmann/hdd/research/engines/cocos2d-x/extensions/Particle3D/PU/CCPUBehaviourManager.cpp,2,0,2
/media/ullmann/hdd/research/engines/cocos2d-x/extensions/Particle3D/PU/CCPUParticleFollower.h,2,3,5
/media/ullmann/hdd/research/engines/cocos2d-x/cocos/platform/linux/CCApplication-linux.h,2,3,5
/media/ullmann/hdd/research/engines/cocos2d-x/tests/cpp-tests/Classes/TextInputTest/TextInputTest.cpp,1,0,1
/media/ullmann/hdd/research/engines/cocos2d-x/tests/cpp-tests/Classes/ShaderTest/ShaderTest2.h,2,2,4
/media/ullmann/hdd/research/engines/cocos2d-x/cocos/base/CCEventListenerFocus.h,1,4,5
/media/ullmann/hdd/research/engines/cocos2d-x/cocos/2d/CCActionEase.h,2,5,7
/media/ullmann/hdd/research/engines/cocos2d-x/cocos/renderer/shaders/3D_skybox.frag,0,1,1
/media/ullmann/hdd/research/engines/cocos2d-x/tests/cpp-tests/Classes/ShaderTest/ShaderTest2.cpp,5,0,5
/media/ullmann/hdd/research/engines/cocos2d-x/cocos/renderer/backend/ShaderModule.h,3,5,8
/media/ullmann/hdd/research/engines/cocos2d-x/cocos/renderer/backend/opengl/DepthStencilStateGL.h,1,4,5
/media/ullmann/hdd/research/engines/cocos2d-x/cocos/renderer/backend/opengl/RenderPipelineGL.h,3,3,6
/media/ullmann/hdd/research/engines/cocos2d-x/tests/cpp-tests/Classes/UITest/CocoStudioGUITest/UILayoutTest/UILayoutTest.h,1,2,3
/media/ullmann/hdd/research/engines/cocos2d-x/cocos/editor-support/cocostudio/CCActionNode.cpp,8,0,8
/media/ullmann/hdd/research/engines/cocos2d-x/tests/cpp-tests/Classes/ShaderTest/ShaderTest.cpp,5,0,5
/media/ullmann/hdd/research/engines/cocos2d-x/tests/cpp-tests/Classes/controller.cpp,3,0,3
/media/ullmann/hdd/research/engines/cocos2d-x/tests/cpp-tests/Classes/BugsTest/Bug-624.h,1,2,3
/media/ullmann/hdd/research/engines/cocos2d-x/extensions/GUI/CCControlExtension/CCControlStepper.h,3,2,5
/media/ullmann/hdd/research/engines/cocos2d-x/cocos/2d/CCNodeGrid.cpp,3,0,3
/media/ullmann/hdd/research/engines/cocos2d-x/extensions/Particle3D/PU/CCPUSlaveEmitterTranslator.h,3,2,5
/media/ullmann/hdd/research/engines/cocos2d-x/extensions/Particle3D/PU/CCPUDoEnableComponentEventHandlerTranslator.cpp,4,0,4
/media/ullmann/hdd/research/engines/cocos2d-x/cocos/scripting/lua-bindings/manual/spine/lua_cocos2dx_spine_manual.hpp,0,2,2
/media/ullmann/hdd/research/engines/cocos2d-x/cocos/platform/android/CCFileUtils-android.h,3,6,9
/media/ullmann/hdd/research/engines/cocos2d-x/cocos/platform/win32/CCDevice-win32.cpp,3,0,3
/media/ullmann/hdd/research/engines/cocos2d-x/templates/lua-template-default/frameworks/runtime-src/proj.win32/main.cpp,3,0,3
/media/ullmann/hdd/research/engines/cocos2d-x/cocos/math/MathUtil.inl,0,2,2
/media/ullmann/hdd/research/engines/cocos2d-x/tests/cpp-tests/Classes/BillBoardTest/BillBoardTest.cpp,3,0,3
/media/ullmann/hdd/research/engines/cocos2d-x/cocos/editor-support/cocostudio/CCActionFrame.cpp,2,0,2
/media/ullmann/hdd/research/engines/cocos2d-x/cocos/platform/CCPlatformDefine.h,6,1,7
/media/ullmann/hdd/research/engines/cocos2d-x/cocos/platform/win32/CCPlatformDefine-win32.h,0,1,1
/media/ullmann/hdd/research/engines/cocos2d-x/tests/performance-tests/Classes/tests/PerformanceParticleTest.h,1,2,3
/media/ullmann/hdd/research/engines/cocos2d-x/tests/performance-tests/Classes/Profile.cpp,3,0,3
/media/ullmann/hdd/research/engines/cocos2d-x/cocos/scripting/lua-bindings/manual/cocostudio/lua_cocos2dx_csloader_manual.hpp,1,2,3
/media/ullmann/hdd/research/engines/cocos2d-x/cocos/math/Vec2.cpp,3,0,3
/media/ullmann/hdd/research/engines/cocos2d-x/tests/cpp-tests/Classes/NewRendererTest/NewRendererTest.cpp,2,0,2
/media/ullmann/hdd/research/engines/cocos2d-x/tests/cpp-tests/Classes/NewRendererTest/NewRendererTest.h,2,2,4
/media/ullmann/hdd/research/engines/cocos2d-x/tests/cpp-tests/Classes/ZipTest/ZipTests.h,1,2,3
/media/ullmann/hdd/research/engines/cocos2d-x/extensions/Particle3D/PU/CCPUTextureRotatorTranslator.h,3,2,5
/media/ullmann/hdd/research/engines/cocos2d-x/extensions/Particle3D/PU/CCPUOnQuotaObserverTranslator.h,3,2,5
/media/ullmann/hdd/research/engines/cocos2d-x/cocos/3d/CCBundle3DData.cpp,1,0,1
/media/ullmann/hdd/research/engines/cocos2d-x/tests/cpp-tests/Classes/Physics3DTest/Physics3DTest.cpp,5,0,5
/media/ullmann/hdd/research/engines/cocos2d-x/cocos/platform/android/CCApplication-android.cpp,4,0,4
/media/ullmann/hdd/research/engines/cocos2d-x/tests/cpp-tests/Classes/InputTest/MouseTest.cpp,1,0,1
/media/ullmann/hdd/research/engines/cocos2d-x/cocos/navmesh/CCNavMeshAgent.h,4,3,7
/media/ullmann/hdd/research/engines/cocos2d-x/cocos/platform/linux/CCStdC-linux.h,1,2,3
/media/ullmann/hdd/research/engines/cocos2d-x/cocos/ui/UITextAtlas.cpp,3,0,3
/media/ullmann/hdd/research/engines/cocos2d-x/extensions/Particle3D/PU/CCPUScaleAffector.cpp,2,0,2
/media/ullmann/hdd/research/engines/cocos2d-x/cocos/editor-support/cocostudio/WidgetReader/ListViewReader/ListViewReader.cpp,7,0,7
/media/ullmann/hdd/research/engines/cocos2d-x/cocos/network/HttpAsynConnection-apple.h,1,0,1
/media/ullmann/hdd/research/engines/cocos2d-x/cocos/scripting/lua-bindings/auto/lua_cocos2dx_audioengine_auto.cpp,4,0,4
/media/ullmann/hdd/research/engines/cocos2d-x/cocos/3d/CCAnimation3D.h,4,4,8
/media/ullmann/hdd/research/engines/cocos2d-x/tests/cpp-tests/Classes/NewAudioEngineTest/NewAudioEngineTest.h,4,2,6
/media/ullmann/hdd/research/engines/cocos2d-x/cocos/editor-support/cocostudio/WidgetReader/TabControlReader/TabControlReader.h,3,2,5
/media/ullmann/hdd/research/engines/cocos2d-x/tests/cpp-tests/Classes/ClickAndMoveTest/ClickAndMoveTest.cpp,2,0,2
/media/ullmann/hdd/research/engines/cocos2d-x/tests/cpp-tests/Classes/UITest/CocoStudioGUITest/UIImageViewTest/UIImageViewTest.h,1,2,3
/media/ullmann/hdd/research/engines/cocos2d-x/tests/cpp-tests/Classes/ParticleTest/ParticleTest.h,1,2,3
/media/ullmann/hdd/research/engines/cocos2d-x/tests/cpp-tests/Classes/TouchesTest/Ball.h,1,2,3
/media/ullmann/hdd/research/engines/cocos2d-x/extensions/assets-manager/Manifest.cpp,1,0,1
/media/ullmann/hdd/research/engines/cocos2d-x/cocos/base/CCRefPtr.h,2,1,3
/media/ullmann/hdd/research/engines/cocos2d-x/cocos/base/CCController.h,1,6,7
/media/ullmann/hdd/research/engines/cocos2d-x/templates/lua-template-default/frameworks/runtime-src/Classes/AppDelegate.cpp,5,0,5
/media/ullmann/hdd/research/engines/cocos2d-x/cocos/scripting/lua-bindings/manual/ui/lua_cocos2dx_webview_manual.hpp,0,2,2
/media/ullmann/hdd/research/engines/cocos2d-x/cocos/editor-support/cocostudio/WidgetReader/Light3DReader/Light3DReader.cpp,6,0,6
/media/ullmann/hdd/research/engines/cocos2d-x/extensions/Particle3D/PU/CCPUInterParticleCollider.cpp,2,0,2
/media/ullmann/hdd/research/engines/cocos2d-x/cocos/3d/CCRay.cpp,1,0,1
/media/ullmann/hdd/research/engines/cocos2d-x/tests/cpp-tests/Classes/UnitTest/UnitTest.h,1,3,4
/media/ullmann/hdd/research/engines/cocos2d-x/cocos/scripting/lua-bindings/manual/spine/LuaSkeletonAnimation.h,1,2,3
/media/ullmann/hdd/research/engines/cocos2d-x/extensions/Particle3D/PU/CCPUPathFollowerTranslator.h,3,2,5
/media/ullmann/hdd/research/engines/cocos2d-x/cocos/audio/android/CCThreadPool.cpp,1,0,1
/media/ullmann/hdd/research/engines/cocos2d-x/cocos/audio/android/CCThreadPool.h,0,2,2
/media/ullmann/hdd/research/engines/cocos2d-x/cocos/2d/CCTransition.h,1,6,7
/media/ullmann/hdd/research/engines/cocos2d-x/tests/cpp-tests/Classes/UITest/CocoStudioGUITest/UITextFieldTest/UITextFieldTest.h,1,2,3
/media/ullmann/hdd/research/engines/cocos2d-x/extensions/Particle3D/PU/CCPUEmitter.cpp,3,0,3
/media/ullmann/hdd/research/engines/cocos2d-x/cocos/scripting/deprecated/CCDouble.h,2,5,7
/media/ullmann/hdd/research/engines/cocos2d-x/cocos/scripting/lua-bindings/manual/platform/android/jni/Cocos2dxLuaJavaBridge.cpp,3,0,3
/media/ullmann/hdd/research/engines/cocos2d-x/cocos/scripting/lua-bindings/manual/platform/android/jni/Cocos2dxLuaJavaBridge.h,0,1,1
/media/ullmann/hdd/research/engines/cocos2d-x/tests/cpp-tests/Classes/NavMeshTest/NavMeshTest.h,2,2,4
/media/ullmann/hdd/research/engines/cocos2d-x/tests/lua-tests/project/proj.win32/main.cpp,2,0,2
/media/ullmann/hdd/research/engines/cocos2d-x/extensions/Particle3D/PU/CCPUDoPlacementParticleEventHandler.h,4,3,7
/media/ullmann/hdd/research/engines/cocos2d-x/cocos/editor-support/cocostudio/CCSSceneReader.h,2,1,3
/media/ullmann/hdd/research/engines/cocos2d-x/extensions/Particle3D/PU/CCPUOnEmissionObserverTranslator.cpp,4,0,4
/media/ullmann/hdd/research/engines/cocos2d-x/extensions/Particle3D/PU/CCPUSphereSurfaceEmitterTranslator.cpp,4,0,4
/media/ullmann/hdd/research/engines/cocos2d-x/extensions/Particle3D/PU/CCPUFlockCenteringAffectorTranslator.h,3,2,5
/media/ullmann/hdd/research/engines/cocos2d-x/tests/cpp-empty-test/Classes/AppDelegate.cpp,3,0,3
/media/ullmann/hdd/research/engines/cocos2d-x/tests/cpp-empty-test/Classes/HelloWorldScene.h,1,2,3
/media/ullmann/hdd/research/engines/cocos2d-x/cocos/editor-support/cocostudio/CCActionFrameEasing.cpp,3,0,3
/media/ullmann/hdd/research/engines/cocos2d-x/cocos/platform/linux/CCApplication-linux.cpp,4,0,4
/media/ullmann/hdd/research/engines/cocos2d-x/cocos/math/CCMathBase.h,1,4,5
/media/ullmann/hdd/research/engines/cocos2d-x/extensions/Particle3D/PU/CCPUDoPlacementParticleEventHandlerTranslator.h,3,2,5
/media/ullmann/hdd/research/engines/cocos2d-x/cocos/platform/win32/compat/stdint.h,1,0,1
/media/ullmann/hdd/research/engines/cocos2d-x/tests/cpp-tests/Classes/ExtensionsTest/TableViewTest/TableViewTestScene.cpp,3,0,3
/media/ullmann/hdd/research/engines/cocos2d-x/tests/cpp-tests/Classes/ConfigurationTest/ConfigurationTest.cpp,3,0,3
/media/ullmann/hdd/research/engines/cocos2d-x/cocos/network/Uri.cpp,2,0,2
/media/ullmann/hdd/research/engines/cocos2d-x/cocos/editor-support/cocostudio/WidgetCallBackHandlerProtocol.h,2,2,4
/media/ullmann/hdd/research/engines/cocos2d-x/cocos/base/CCGameController.h,3,2,5
/media/ullmann/hdd/research/engines/cocos2d-x/cocos/base/CCEventListenerController.h,2,4,6
/media/ullmann/hdd/research/engines/cocos2d-x/cocos/3d/CCMotionStreak3D.h,4,3,7
/media/ullmann/hdd/research/engines/cocos2d-x/extensions/Particle3D/PU/CCPUFlockCenteringAffector.cpp,2,0,2
/media/ullmann/hdd/research/engines/cocos2d-x/cocos/audio/android/PcmData.h,0,6,6
/media/ullmann/hdd/research/engines/cocos2d-x/extensions/Particle3D/PU/CCPUPointEmitter.h,1,3,4
/media/ullmann/hdd/research/engines/cocos2d-x/cocos/base/CCController.cpp,4,0,4
/media/ullmann/hdd/research/engines/cocos2d-x/cocos/2d/CCAnimationCache.cpp,3,0,3
/media/ullmann/hdd/research/engines/cocos2d-x/cocos/2d/CCActionPageTurn3D.h,1,4,5
/media/ullmann/hdd/research/engines/cocos2d-x/cocos/scripting/lua-bindings/auto/lua_cocos2dx_3d_auto.cpp,5,0,5
/media/ullmann/hdd/research/engines/cocos2d-x/cocos/platform/win32/CCGL-win32.h,0,1,1
/media/ullmann/hdd/research/engines/cocos2d-x/tests/cpp-tests/Classes/UITest/CocoStudioGUITest/UITextAtlasTest/UITextAtlasTest.h,1,2,3
/media/ullmann/hdd/research/engines/cocos2d-x/cocos/renderer/CCTrianglesCommand.cpp,4,0,4
/media/ullmann/hdd/research/engines/cocos2d-x/cocos/ui/UIPageView.cpp,2,0,2
/media/ullmann/hdd/research/engines/cocos2d-x/extensions/Particle3D/PU/CCPUSphere.cpp,1,0,1
/media/ullmann/hdd/research/engines/cocos2d-x/extensions/Particle3D/PU/CCPUSphere.h,3,2,5
/media/ullmann/hdd/research/engines/cocos2d-x/extensions/Particle3D/PU/CCPUDoFreezeEventHandler.cpp,3,0,3
/media/ullmann/hdd/research/engines/cocos2d-x/cocos/editor-support/cocostudio/WidgetReader/ProjectNodeReader/ProjectNodeReader.cpp,3,0,3
/media/ullmann/hdd/research/engines/cocos2d-x/cocos/network/HttpResponse.h,1,1,2
/media/ullmann/hdd/research/engines/cocos2d-x/extensions/Particle3D/PU/CCPUGravityAffector.h,2,3,5
/media/ullmann/hdd/research/engines/cocos2d-x/extensions/Particle3D/PU/CCPUObserverTranslator.h,3,2,5
/media/ullmann/hdd/research/engines/cocos2d-x/extensions/assets-manager/CCEventAssetsManagerEx.cpp,3,0,3
/media/ullmann/hdd/research/engines/cocos2d-x/cocos/scripting/lua-bindings/auto/lua_cocos2dx_video_auto.cpp,4,0,4
/media/ullmann/hdd/research/engines/cocos2d-x/tests/cpp-empty-test/Classes/AppDelegate.h,1,4,5
/media/ullmann/hdd/research/engines/cocos2d-x/tests/cpp-tests/Classes/MotionStreakTest/MotionStreakTest.h,1,2,3
/media/ullmann/hdd/research/engines/cocos2d-x/templates/lua-template-default/frameworks/runtime-src/proj.win32/main.h,1,1,2
/media/ullmann/hdd/research/engines/cocos2d-x/tests/cpp-tests/Classes/UITest/CocoStudioGUITest/UITextTest/UITextTest.cpp,1,0,1
/media/ullmann/hdd/research/engines/cocos2d-x/tests/cpp-tests/Classes/UITest/CocoStudioGUITest/UITextTest/UITextTest.h,1,2,3
/media/ullmann/hdd/research/engines/cocos2d-x/cocos/base/CCEventMouse.h,2,4,6
/media/ullmann/hdd/research/engines/cocos2d-x/cocos/scripting/lua-bindings/manual/cocos2d/lua_cocos2dx_physics_manual.cpp,6,0,6
/media/ullmann/hdd/research/engines/cocos2d-x/cocos/editor-support/cocostudio/WidgetReader/SkeletonReader/CSBoneBinary_generated.h,0,2,2
/media/ullmann/hdd/research/engines/cocos2d-x/tests/cpp-tests/Classes/UITest/CocoStudioGUITest/UISliderTest/UISliderTest.cpp,1,0,1
/media/ullmann/hdd/research/engines/cocos2d-x/templates/cpp-template-default/proj.ios_mac/mac/main.cpp,1,0,1
/media/ullmann/hdd/research/engines/cocos2d-x/tests/lua-tests/project/Classes/lua_test_bindings.cpp,3,0,3
/media/ullmann/hdd/research/engines/cocos2d-x/cocos/scripting/lua-bindings/manual/physics3d/lua_cocos2dx_physics3d_manual.h,0,2,2
/media/ullmann/hdd/research/engines/cocos2d-x/cocos/base/CCAsyncTaskPool.cpp,1,0,1
/media/ullmann/hdd/research/engines/cocos2d-x/cocos/2d/CCSpriteFrame.cpp,4,0,4
/media/ullmann/hdd/research/engines/cocos2d-x/cocos/base/ccUTF8.cpp,3,0,3
/media/ullmann/hdd/research/engines/cocos2d-x/cocos/scripting/lua-bindings/auto/lua_cocos2dx_controller_auto.hpp,1,1,2
/media/ullmann/hdd/research/engines/cocos2d-x/cocos/base/CCEventListenerMouse.h,2,4,6
/media/ullmann/hdd/research/engines/cocos2d-x/cocos/editor-support/cocostudio/WidgetReader/SkeletonReader/SkeletonNodeReader.h,1,2,3
/media/ullmann/hdd/research/engines/cocos2d-x/cocos/platform/win32/CCStdC-win32.h,1,1,2
/media/ullmann/hdd/research/engines/cocos2d-x/extensions/Particle3D/PU/CCPUOnRandomObserver.cpp,2,0,2
/media/ullmann/hdd/research/engines/cocos2d-x/cocos/editor-support/cocostudio/CCActionManagerEx.cpp,2,0,2
/media/ullmann/hdd/research/engines/cocos2d-x/cocos/base/CCEvent.cpp,1,0,1
/media/ullmann/hdd/research/engines/cocos2d-x/cocos/base/CCEventCustom.cpp,2,0,2
/media/ullmann/hdd/research/engines/cocos2d-x/tests/cpp-tests/Classes/DownloaderTest/DownloaderTest.h,1,2,3
/media/ullmann/hdd/research/engines/cocos2d-x/extensions/Particle3D/PU/CCPUOnExpireObserverTranslator.h,3,2,5
/media/ullmann/hdd/research/engines/cocos2d-x/cocos/scripting/lua-bindings/auto/lua_cocos2dx_audioengine_auto.hpp,1,2,3
/media/ullmann/hdd/research/engines/cocos2d-x/cocos/physics3d/CCPhysics3DConstraint.h,3,1,4
/media/ullmann/hdd/research/engines/cocos2d-x/cocos/scripting/lua-bindings/auto/lua_cocos2dx_webview_auto.hpp,1,2,3
/media/ullmann/hdd/research/engines/cocos2d-x/extensions/Particle3D/PU/CCPUOnExpireObserver.cpp,2,0,2
/media/ullmann/hdd/research/engines/cocos2d-x/tests/cpp-tests/Classes/ActionsEaseTest/ActionsEaseTest.h,1,2,3
/media/ullmann/hdd/research/engines/cocos2d-x/cocos/ui/UIWebView/UIWebView.h,3,5,8
/media/ullmann/hdd/research/engines/cocos2d-x/cocos/base/ccFPSImages.c,1,0,1
/media/ullmann/hdd/research/engines/cocos2d-x/cocos/base/ccFPSImages.h,1,2,3
/media/ullmann/hdd/research/engines/cocos2d-x/cocos/3d/CCPlane.cpp,1,0,1
/media/ullmann/hdd/research/engines/cocos2d-x/cocos/ui/UILayoutParameter.cpp,2,0,2
/media/ullmann/hdd/research/engines/cocos2d-x/cocos/scripting/lua-bindings/manual/lua_module_register.h,1,4,5
/media/ullmann/hdd/research/engines/cocos2d-x/extensions/Particle3D/PU/CCPULineEmitter.cpp,3,0,3
/media/ullmann/hdd/research/engines/cocos2d-x/cocos/base/CCData.cpp,2,0,2
/media/ullmann/hdd/research/engines/cocos2d-x/cocos/3d/CCAABB.cpp,1,0,1
/media/ullmann/hdd/research/engines/cocos2d-x/cocos/3d/CC3DProgramInfo.h,2,7,9
/media/ullmann/hdd/research/engines/cocos2d-x/cocos/2d/CCActionCatmullRom.cpp,3,0,3
/media/ullmann/hdd/research/engines/cocos2d-x/templates/lua-template-default/frameworks/runtime-src/proj.linux/main.cpp,2,0,2
/media/ullmann/hdd/research/engines/cocos2d-x/tests/lua-tests/project/proj.linux/main.cpp,2,0,2
/media/ullmann/hdd/research/engines/cocos2d-x/tests/cpp-tests/proj.win32/main.h,1,1,2
/media/ullmann/hdd/research/engines/cocos2d-x/tests/cpp-tests/Classes/TileMapTest/TileMapTest.cpp,2,0,2
/media/ullmann/hdd/research/engines/cocos2d-x/cocos/renderer/shaders/label_distanceFieldGlow.frag,0,1,1
/media/ullmann/hdd/research/engines/cocos2d-x/extensions/ExtensionMacros.h,0,13,13
/media/ullmann/hdd/research/engines/cocos2d-x/tests/performance-tests/Classes/tests/PerformanceParticleTest.cpp,1,0,1
/media/ullmann/hdd/research/engines/cocos2d-x/cocos/2d/CCActionProgressTimer.cpp,2,0,2
/media/ullmann/hdd/research/engines/cocos2d-x/extensions/Particle3D/PU/CCPUCollisionAvoidanceAffector.h,1,3,4
/media/ullmann/hdd/research/engines/cocos2d-x/cocos/audio/apple/AudioEngine-inl.h,3,1,4
/media/ullmann/hdd/research/engines/cocos2d-x/tests/cpp-tests/Classes/VibrateTest/VibrateTest.h,3,2,5
/media/ullmann/hdd/research/engines/cocos2d-x/cocos/ui/UIWebView/UIWebView.cpp,2,0,2
/media/ullmann/hdd/research/engines/cocos2d-x/cocos/ui/UIWebView/UIWebView-inl.h,4,1,5
/media/ullmann/hdd/research/engines/cocos2d-x/extensions/Particle3D/PU/CCPUSphereSurfaceEmitter.cpp,3,0,3
/media/ullmann/hdd/research/engines/cocos2d-x/cocos/renderer/shaders/3D_particle.frag,0,1,1
/media/ullmann/hdd/research/engines/cocos2d-x/cocos/audio/android/AudioDecoderProvider.h,1,2,3
/media/ullmann/hdd/research/engines/cocos2d-x/tests/performance-tests/Classes/tests/PerformanceAllocTest.h,1,2,3
/media/ullmann/hdd/research/engines/cocos2d-x/cocos/network/HttpCookie.cpp,2,0,2
/media/ullmann/hdd/research/engines/cocos2d-x/cocos/audio/win32/AudioPlayer.h,1,2,3
/media/ullmann/hdd/research/engines/cocos2d-x/cocos/2d/CCParticleExamples.cpp,4,0,4
/media/ullmann/hdd/research/engines/cocos2d-x/extensions/Particle3D/PU/CCPUForceFieldAffector.cpp,2,0,2
/media/ullmann/hdd/research/engines/cocos2d-x/cocos/renderer/backend/DepthStencilState.cpp,1,0,1
/media/ullmann/hdd/research/engines/cocos2d-x/tests/cpp-tests/Classes/BugsTest/Bug-914.h,1,1,2
/media/ullmann/hdd/research/engines/cocos2d-x/cocos/editor-support/cocostudio/CCComAudio.cpp,3,0,3
/media/ullmann/hdd/research/engines/cocos2d-x/tests/cpp-tests/Classes/FileUtilsTest/FileUtilsTest.h,1,2,3
/media/ullmann/hdd/research/engines/cocos2d-x/extensions/Particle3D/PU/CCPUBaseForceAffector.cpp,2,0,2
/media/ullmann/hdd/research/engines/cocos2d-x/extensions/Particle3D/PU/CCPUPositionEmitter.cpp,2,0,2
/media/ullmann/hdd/research/engines/cocos2d-x/cocos/2d/CCFastTMXTiledMap.cpp,3,0,3
/media/ullmann/hdd/research/engines/cocos2d-x/cocos/editor-support/cocostudio/WidgetReader/LoadingBarReader/LoadingBarReader.cpp,7,0,7
/media/ullmann/hdd/research/engines/cocos2d-x/cocos/physics3d/CCPhysics3DComponent.cpp,3,0,3
/media/ullmann/hdd/research/engines/cocos2d-x/tests/cpp-tests/Classes/BugsTest/Bug-899.cpp,1,0,1
/media/ullmann/hdd/research/engines/cocos2d-x/tests/cpp-tests/Classes/BaseTest.cpp,3,0,3
/media/ullmann/hdd/research/engines/cocos2d-x/extensions/Particle3D/PU/CCPUOnRandomObserverTranslator.cpp,4,0,4
/media/ullmann/hdd/research/engines/cocos2d-x/cocos/base/ccTypes.cpp,2,0,2
/media/ullmann/hdd/research/engines/cocos2d-x/extensions/Particle3D/PU/CCPUAffectorTranslator.cpp,3,0,3
/media/ullmann/hdd/research/engines/cocos2d-x/cocos/audio/android/UrlAudioPlayer.cpp,2,0,2
/media/ullmann/hdd/research/engines/cocos2d-x/cocos/audio/android/audio_utils/minifloat.cpp,1,0,1
/media/ullmann/hdd/research/engines/cocos2d-x/cocos/audio/android/audio_utils/include/audio_utils/minifloat.h,0,2,2
/media/ullmann/hdd/research/engines/cocos2d-x/cocos/math/MathUtilNeon.inl,0,2,2
/media/ullmann/hdd/research/engines/cocos2d-x/extensions/Particle3D/PU/CCPUPathFollower.cpp,2,0,2
/media/ullmann/hdd/research/engines/cocos2d-x/cocos/base/pvr.h,0,2,2
/media/ullmann/hdd/research/engines/cocos2d-x/extensions/Particle3D/PU/CCPUAffector.cpp,3,0,3
/media/ullmann/hdd/research/engines/cocos2d-x/cocos/ui/UIEditBox/Mac/CCUIMultilineTextField.h,1,0,1
/media/ullmann/hdd/research/engines/cocos2d-x/cocos/base/etc1.h,0,2,2
/media/ullmann/hdd/research/engines/cocos2d-x/tests/cpp-tests/Classes/Sprite3DTest/DrawNode3D.h,1,3,4
/media/ullmann/hdd/research/engines/cocos2d-x/extensions/Particle3D/PU/CCPUDoAffectorEventHandlerTranslator.cpp,4,0,4
/media/ullmann/hdd/research/engines/cocos2d-x/tests/cpp-tests/Classes/ExtensionsTest/NetworkTest/HttpClientTest.cpp,2,0,2
/media/ullmann/hdd/research/engines/cocos2d-x/tests/performance-tests/Classes/tests/PerformanceScenarioTest.cpp,1,0,1
/media/ullmann/hdd/research/engines/cocos2d-x/cocos/platform/android/CCPlatformDefine-android.h,0,1,1
/media/ullmann/hdd/research/engines/cocos2d-x/cocos/editor-support/cocostudio/CCComAttribute.cpp,2,0,2
/media/ullmann/hdd/research/engines/cocos2d-x/tests/cpp-tests/Classes/BugsTest/Bug-Child.h,1,2,3
/media/ullmann/hdd/research/engines/cocos2d-x/cocos/ui/UIEditBox/UIEditBoxImpl-common.cpp,5,0,5
/media/ullmann/hdd/research/engines/cocos2d-x/cocos/network/HttpRequest.h,2,2,4
/media/ullmann/hdd/research/engines/cocos2d-x/extensions/Particle3D/PU/CCPUDoExpireEventHandler.cpp,3,0,3
/media/ullmann/hdd/research/engines/cocos2d-x/tests/lua-tests/project/Classes/lua_assetsmanager_test_sample.h,0,2,2
/media/ullmann/hdd/research/engines/cocos2d-x/tests/cpp-tests/Classes/UITest/CocoStudioGUITest/UIScale9SpriteTest.cpp,1,0,1
/media/ullmann/hdd/research/engines/cocos2d-x/extensions/Particle3D/PU/CCPUOnCollisionObserverTranslator.cpp,4,0,4
/media/ullmann/hdd/research/engines/cocos2d-x/extensions/Particle3D/PU/CCPUAlignAffector.cpp,2,0,2
/media/ullmann/hdd/research/engines/cocos2d-x/tests/cpp-tests/Classes/BugsTest/Bug-15776.cpp,1,0,1
/media/ullmann/hdd/research/engines/cocos2d-x/cocos/math/TransformUtils.h,1,3,4
/media/ullmann/hdd/research/engines/cocos2d-x/tests/cpp-tests/Classes/EffectsTest/EffectsTest.cpp,2,0,2
/media/ullmann/hdd/research/engines/cocos2d-x/extensions/Particle3D/PU/CCPUObserverTranslator.cpp,4,0,4
/media/ullmann/hdd/research/engines/cocos2d-x/cocos/renderer/shaders/positionUColor.vert,0,1,1
/media/ullmann/hdd/research/engines/cocos2d-x/cocos/renderer/shaders/3D_color.frag,0,1,1
/media/ullmann/hdd/research/engines/cocos2d-x/extensions/Particle3D/PU/CCPUMeshSurfaceEmitter.cpp,3,0,3
/media/ullmann/hdd/research/engines/cocos2d-x/extensions/Particle3D/PU/CCPUScaleVelocityAffectorTranslator.h,3,2,5
/media/ullmann/hdd/research/engines/cocos2d-x/cocos/renderer/backend/metal/ShaderModuleMTL.h,2,0,2
/media/ullmann/hdd/research/engines/cocos2d-x/cocos/audio/android/AssetFd.cpp,2,0,2
/media/ullmann/hdd/research/engines/cocos2d-x/cocos/scripting/deprecated/CCDataVisitor.h,1,7,8
/media/ullmann/hdd/research/engines/cocos2d-x/cocos/audio/android/AudioDecoderMp3.cpp,3,0,3
/media/ullmann/hdd/research/engines/cocos2d-x/cocos/audio/android/mp3reader.h,0,2,2
/media/ullmann/hdd/research/engines/cocos2d-x/cocos/renderer/CCTextureUtils.cpp,1,0,1
/media/ullmann/hdd/research/engines/cocos2d-x/cocos/renderer/CCTextureUtils.h,1,3,4
/media/ullmann/hdd/research/engines/cocos2d-x/cocos/scripting/deprecated/CCArray.cpp,4,0,4
/media/ullmann/hdd/research/engines/cocos2d-x/cocos/platform/linux/CCFileUtils-linux.cpp,5,0,5
/media/ullmann/hdd/research/engines/cocos2d-x/extensions/Particle3D/PU/CCPUVortexAffector.cpp,2,0,2
/media/ullmann/hdd/research/engines/cocos2d-x/cocos/physics3d/CCPhysics3DShape.cpp,1,0,1
/media/ullmann/hdd/research/engines/cocos2d-x/cocos/editor-support/cocostudio/ActionTimeline/CCSkeletonNode.cpp,6,0,6
/media/ullmann/hdd/research/engines/cocos2d-x/extensions/Particle3D/PU/CCPUAlignAffectorTranslator.cpp,4,0,4
/media/ullmann/hdd/research/engines/cocos2d-x/tests/performance-tests/Classes/tests/PerformanceCallbackTest.h,1,2,3
/media/ullmann/hdd/research/engines/cocos2d-x/tests/performance-tests/Classes/tests/PerformanceContainerTest.h,1,2,3
/media/ullmann/hdd/research/engines/cocos2d-x/extensions/Particle3D/PU/CCPUPointEmitter.cpp,2,0,2
/media/ullmann/hdd/research/engines/cocos2d-x/cocos/audio/android/tinysndfile.h,0,2,2
/media/ullmann/hdd/research/engines/cocos2d-x/cocos/audio/android/AssetFd.h,0,2,2
/media/ullmann/hdd/research/engines/cocos2d-x/cocos/audio/android/AudioDecoderOgg.cpp,2,0,2
/media/ullmann/hdd/research/engines/cocos2d-x/cocos/audio/android/AudioDecoderOgg.h,1,2,3
/media/ullmann/hdd/research/engines/cocos2d-x/cocos/scripting/lua-bindings/manual/network/lua_xml_http_request.h,0,2,2
/media/ullmann/hdd/research/engines/cocos2d-x/tests/lua-tests/project/proj.win32/main.h,0,1,1
/media/ullmann/hdd/research/engines/cocos2d-x/extensions/Particle3D/PU/CCPUOnVelocityObserver.cpp,2,0,2
/media/ullmann/hdd/research/engines/cocos2d-x/cocos/3d/CCObjLoader.cpp,3,0,3
/media/ullmann/hdd/research/engines/cocos2d-x/cocos/scripting/lua-bindings/manual/cocos2d/lua_cocos2dx_physics_manual.hpp,1,1,2
/media/ullmann/hdd/research/engines/cocos2d-x/tests/cpp-tests/Classes/ExtensionsTest/NetworkTest/WebSocketDelayTest.cpp,2,0,2
/media/ullmann/hdd/research/engines/cocos2d-x/cocos/math/CCAffineTransform.cpp,1,0,1
/media/ullmann/hdd/research/engines/cocos2d-x/cocos/2d/CCActionInstant.cpp,3,0,3
/media/ullmann/hdd/research/engines/cocos2d-x/cocos/audio/win32/MciPlayer.h,1,1,2
/media/ullmann/hdd/research/engines/cocos2d-x/extensions/Particle3D/PU/CCPUBehaviour.cpp,2,0,2
/media/ullmann/hdd/research/engines/cocos2d-x/cocos/scripting/lua-bindings/manual/tolua_fix.cpp,3,0,3
/media/ullmann/hdd/research/engines/cocos2d-x/tests/cpp-tests/Classes/JNITest/JNITest.cpp,2,0,2
/media/ullmann/hdd/research/engines/cocos2d-x/cocos/math/Quaternion.inl,0,1,1
/media/ullmann/hdd/research/engines/cocos2d-x/extensions/Particle3D/PU/CCPUOnEmissionObserver.cpp,2,0,2
/media/ullmann/hdd/research/engines/cocos2d-x/tests/cpp-tests/Classes/TexturePackerEncryptionTest/TextureAtlasEncryptionTest.cpp,2,0,2
/media/ullmann/hdd/research/engines/cocos2d-x/tests/cpp-tests/Classes/TexturePackerEncryptionTest/TextureAtlasEncryptionTest.h,2,2,4
/media/ullmann/hdd/research/engines/cocos2d-x/cocos/scripting/lua-bindings/auto/lua_cocos2dx_3d_auto.hpp,1,2,3
/media/ullmann/hdd/research/engines/cocos2d-x/cocos/3d/CC3DProgramInfo.cpp,1,0,1
/media/ullmann/hdd/research/engines/cocos2d-x/tests/cpp-tests/Classes/OpenURLTest/OpenURLTest.h,2,2,4
/media/ullmann/hdd/research/engines/cocos2d-x/tests/cpp-tests/Classes/SceneTest/SceneTest.cpp,2,0,2
/media/ullmann/hdd/research/engines/cocos2d-x/cocos/scripting/lua-bindings/manual/CCComponentLua.h,1,2,3
/media/ullmann/hdd/research/engines/cocos2d-x/tests/cpp-tests/Classes/BugsTest/Bug-458/QuestionContainerSprite.h,1,2,3
/media/ullmann/hdd/research/engines/cocos2d-x/tests/performance-tests/Classes/tests/BaseTest.cpp,3,0,3
/media/ullmann/hdd/research/engines/cocos2d-x/tests/cpp-tests/Classes/BugsTest/Bug-458/Bug-458.cpp,2,0,2
/media/ullmann/hdd/research/engines/cocos2d-x/tests/cpp-tests/Classes/BugsTest/Bug-458/Bug-458.h,1,2,3
/media/ullmann/hdd/research/engines/cocos2d-x/extensions/Particle3D/PU/CCPUScriptLexer.h,1,2,3
/media/ullmann/hdd/research/engines/cocos2d-x/cocos/platform/android/CCCommon-android.cpp,2,0,2
/media/ullmann/hdd/research/engines/cocos2d-x/cocos/platform/CCSAXParser.cpp,2,0,2
/media/ullmann/hdd/research/engines/cocos2d-x/tests/cpp-tests/Classes/BugsTest/Bug-350.h,1,2,3
/media/ullmann/hdd/research/engines/cocos2d-x/cocos/audio/win32/AudioDecoder.cpp,3,0,3
/media/ullmann/hdd/research/engines/cocos2d-x/extensions/Particle3D/PU/CCPUScaleVelocityAffectorTranslator.cpp,4,0,4
/media/ullmann/hdd/research/engines/cocos2d-x/extensions/Particle3D/PU/CCPUForceFieldAffectorTranslator.h,3,2,5
/media/ullmann/hdd/research/engines/cocos2d-x/templates/lua-template-default/frameworks/runtime-src/proj.ios_mac/mac/main.cpp,1,0,1
/media/ullmann/hdd/research/engines/cocos2d-x/cocos/editor-support/spine/v3/SkeletonTwoColorBatch.h,1,0,1
/media/ullmann/hdd/research/engines/cocos2d-x/tests/cpp-tests/Classes/EffectsTest/EffectsTest.h,1,2,3
/media/ullmann/hdd/research/engines/cocos2d-x/tests/cpp-tests/Classes/BugsTest/Bug-350.cpp,1,0,1
/media/ullmann/hdd/research/engines/cocos2d-x/tests/cpp-tests/Classes/ZipTest/ZipTests.cpp,1,0,1
/media/ullmann/hdd/research/engines/cocos2d-x/cocos/audio/android/IVolumeProvider.h,1,1,2
/media/ullmann/hdd/research/engines/cocos2d-x/cocos/audio/android/AudioResamplerCubic.h,2,2,4
/media/ullmann/hdd/research/engines/cocos2d-x/extensions/Particle3D/PU/CCPUUtil.cpp,2,0,2
/media/ullmann/hdd/research/engines/cocos2d-x/tests/cpp-tests/Classes/UITest/CocoStudioGUITest/UIRadioButtonTest/UIRadioButtonTest.h,1,2,3
/media/ullmann/hdd/research/engines/cocos2d-x/tests/cpp-tests/Classes/CurlTest/CurlTest.cpp,2,0,2
/media/ullmann/hdd/research/engines/cocos2d-x/cocos/audio/win32/MciPlayer.cpp,2,0,2
/media/ullmann/hdd/research/engines/cocos2d-x/cocos/platform/win32/CCApplication-win32.cpp,3,0,3
/media/ullmann/hdd/research/engines/cocos2d-x/tests/cpp-tests/Classes/testBasic.h,2,0,2
/media/ullmann/hdd/research/engines/cocos2d-x/cocos/renderer/CCGroupCommand.cpp,3,0,3
/media/ullmann/hdd/research/engines/cocos2d-x/cocos/base/CCEventFocus.cpp,1,0,1
/media/ullmann/hdd/research/engines/cocos2d-x/cocos/platform/android/CCStdC-android.h,1,1,2
/media/ullmann/hdd/research/engines/cocos2d-x/extensions/Particle3D/PU/CCPUOnClearObserver.cpp,2,0,2
/media/ullmann/hdd/research/engines/cocos2d-x/cocos/editor-support/cocostudio/WidgetReader/NodeReaderDefine.cpp,1,0,1
/media/ullmann/hdd/research/engines/cocos2d-x/cocos/ui/UIHBox.cpp,1,0,1
/media/ullmann/hdd/research/engines/cocos2d-x/tests/cpp-tests/Classes/UITest/CocoStudioGUITest/UIImageViewTest/UIImageViewTest.cpp,1,0,1
/media/ullmann/hdd/research/engines/cocos2d-x/tests/performance-tests/Classes/tests/PerformanceSpriteTest.cpp,1,0,1
/media/ullmann/hdd/research/engines/cocos2d-x/cocos/renderer/shaders/positionColorTextureAsPointsize.vert,0,1,1
/media/ullmann/hdd/research/engines/cocos2d-x/cocos/editor-support/cocostudio/WidgetReader/ArmatureNodeReader/CSArmatureNode_generated.h,0,1,1
/media/ullmann/hdd/research/engines/cocos2d-x/tests/cpp-tests/Classes/SceneTest/SceneTest.h,1,2,3
/media/ullmann/hdd/research/engines/cocos2d-x/cocos/renderer/shaders/3D_particle.vert,0,1,1
/media/ullmann/hdd/research/engines/cocos2d-x/tests/cpp-tests/Classes/LayerTest/LayerTest.cpp,3,0,3
/media/ullmann/hdd/research/engines/cocos2d-x/extensions/Particle3D/PU/CCPUGravityAffector.cpp,2,0,2
/media/ullmann/hdd/research/engines/cocos2d-x/tests/cpp-tests/Classes/BugsTest/Bug-422.cpp,1,0,1
/media/ullmann/hdd/research/engines/cocos2d-x/extensions/Particle3D/PU/CCPUParticleFollower.cpp,2,0,2
/media/ullmann/hdd/research/engines/cocos2d-x/tests/cpp-tests/Classes/NodeTest/NodeTest.cpp,2,0,2
/media/ullmann/hdd/research/engines/cocos2d-x/extensions/Particle3D/PU/CCPULineAffector.cpp,2,0,2
/media/ullmann/hdd/research/engines/cocos2d-x/cocos/renderer/shaders/3D_colorTexture.frag,0,1,1
/media/ullmann/hdd/research/engines/cocos2d-x/cocos/editor-support/cocostudio/WidgetReader/NodeReaderProtocol.cpp,1,0,1
/media/ullmann/hdd/research/engines/cocos2d-x/tests/performance-tests/Classes/tests/PerformanceParticle3DTest.cpp,2,0,2
/media/ullmann/hdd/research/engines/cocos2d-x/cocos/ui/UIRadioButton.h,2,2,4
/media/ullmann/hdd/research/engines/cocos2d-x/cocos/renderer/shaders/positionTexture.vert,0,1,1
/media/ullmann/hdd/research/engines/cocos2d-x/cocos/scripting/lua-bindings/manual/Lua-BindingsExport.h,0,3,3
/media/ullmann/hdd/research/engines/cocos2d-x/tests/performance-tests/Classes/AppDelegate.cpp,1,0,1
/media/ullmann/hdd/research/engines/cocos2d-x/cocos/editor-support/spine/v4/SkeletonTwoColorBatch.h,1,0,1
/media/ullmann/hdd/research/engines/cocos2d-x/cocos/base/CCEventMouse.cpp,2,0,2
/media/ullmann/hdd/research/engines/cocos2d-x/cocos/scripting/deprecated/CCSet.cpp,1,0,1
/media/ullmann/hdd/research/engines/cocos2d-x/cocos/audio/android/audio_utils/private/private.h,0,1,1
/media/ullmann/hdd/research/engines/cocos2d-x/extensions/GUI/CCControlExtension/CCControlPotentiometer.cpp,1,0,1
/media/ullmann/hdd/research/engines/cocos2d-x/cocos/3d/CCSkeleton3D.cpp,1,0,1
/media/ullmann/hdd/research/engines/cocos2d-x/extensions/physics-nodes/CCPhysicsDebugNode.cpp,3,0,3
/media/ullmann/hdd/research/engines/cocos2d-x/tests/cpp-tests/Classes/Scene3DTest/Scene3DTest.h,1,2,3
/media/ullmann/hdd/research/engines/cocos2d-x/tests/cpp-tests/Classes/Texture2dTest/Texture2dTest.h,1,2,3
/media/ullmann/hdd/research/engines/cocos2d-x/cocos/renderer/backend/opengl/ShaderModuleGL.cpp,3,0,3
/media/ullmann/hdd/research/engines/cocos2d-x/cocos/platform/ios/CCGLViewImpl-ios.h,3,0,3
/media/ullmann/hdd/research/engines/cocos2d-x/extensions/Particle3D/PU/CCPUOnTimeObserverTranslator.cpp,4,0,4
/media/ullmann/hdd/research/engines/cocos2d-x/extensions/GUI/CCControlExtension/CCControlHuePicker.cpp,1,0,1
/media/ullmann/hdd/research/engines/cocos2d-x/cocos/scripting/lua-bindings/manual/ui/lua_cocos2dx_ui_manual.hpp,0,3,3
/media/ullmann/hdd/research/engines/cocos2d-x/cocos/editor-support/spine/SkeletonAnimation.h,1,0,1
/media/ullmann/hdd/research/engines/cocos2d-x/tests/cpp-tests/Classes/UITest/CocoStudioGUITest/UICheckBoxTest/UICheckBoxTest.cpp,1,0,1
/media/ullmann/hdd/research/engines/cocos2d-x/cocos/ui/UIEditBox/UIEditBoxImpl.h,1,2,3
/media/ullmann/hdd/research/engines/cocos2d-x/cocos/2d/CCActionTiledGrid.cpp,5,0,5
/media/ullmann/hdd/research/engines/cocos2d-x/cocos/editor-support/spine/v3/SkeletonBatch.h,1,0,1
/media/ullmann/hdd/research/engines/cocos2d-x/tests/performance-tests/proj.mac/main.cpp,1,0,1
/media/ullmann/hdd/research/engines/cocos2d-x/cocos/ui/UIText.cpp,3,0,3
/media/ullmann/hdd/research/engines/cocos2d-x/cocos/cocos2d.cpp,1,0,1
/media/ullmann/hdd/research/engines/cocos2d-x/tests/cpp-tests/Classes/RenderTextureTest/RenderTextureTest.cpp,1,0,1
/media/ullmann/hdd/research/engines/cocos2d-x/extensions/Particle3D/PU/CCPUJetAffector.cpp,2,0,2
/media/ullmann/hdd/research/engines/cocos2d-x/tests/cpp-tests/Classes/Texture2dTest/Texture2dTest.cpp,2,0,2
/media/ullmann/hdd/research/engines/cocos2d-x/cocos/network/CCDownloader-android.cpp,3,0,3
/media/ullmann/hdd/research/engines/cocos2d-x/extensions/Particle3D/CCParticle3DAffector.cpp,2,0,2
/media/ullmann/hdd/research/engines/cocos2d-x/tests/performance-tests/Classes/tests/PerformanceTextureTest.cpp,1,0,1
/media/ullmann/hdd/research/engines/cocos2d-x/tests/cpp-tests/Classes/BugsTest/Bug-1174.cpp,1,0,1
/media/ullmann/hdd/research/engines/cocos2d-x/tests/cpp-tests/Classes/UITest/CocoStudioGUITest/UIPageViewTest/UIPageViewTest.h,1,2,3
/media/ullmann/hdd/research/engines/cocos2d-x/cocos/scripting/lua-bindings/manual/Cocos2dxLuaLoader.h,0,2,2
/media/ullmann/hdd/research/engines/cocos2d-x/cocos/base/CCEventKeyboard.cpp,1,0,1
/media/ullmann/hdd/research/engines/cocos2d-x/cocos/platform/ios/CCStdC-ios.h,1,1,2
/media/ullmann/hdd/research/engines/cocos2d-x/tests/cpp-tests/Classes/UITest/CocoStudioGUITest/UIFocusTest/UIFocusTest.cpp,1,0,1
/media/ullmann/hdd/research/engines/cocos2d-x/cocos/platform/android/CCEnhanceAPI-android.h,2,1,3
/media/ullmann/hdd/research/engines/cocos2d-x/cocos/renderer/shaders/positionTextureUColor.frag,0,1,1
/media/ullmann/hdd/research/engines/cocos2d-x/extensions/Particle3D/PU/CCPUOnTimeObserver.cpp,2,0,2
/media/ullmann/hdd/research/engines/cocos2d-x/tests/cpp-tests/Classes/UITest/CocoStudioGUITest/UIScrollViewTest/UIScrollViewTest.cpp,1,0,1
/media/ullmann/hdd/research/engines/cocos2d-x/tests/cpp-tests/Classes/UITest/CocoStudioGUITest/UIScrollViewTest/UIScrollViewTest.h,1,2,3
/media/ullmann/hdd/research/engines/cocos2d-x/cocos/ui/UIEditBox/Mac/CCUISingleLineTextField.h,1,0,1
/media/ullmann/hdd/research/engines/cocos2d-x/extensions/Particle3D/PU/CCPUScriptTranslator.cpp,2,0,2
/media/ullmann/hdd/research/engines/cocos2d-x/cocos/renderer/backend/metal/BufferManager.h,1,0,1
/media/ullmann/hdd/research/engines/cocos2d-x/cocos/ui/UIRelativeBox.cpp,1,0,1
/media/ullmann/hdd/research/engines/cocos2d-x/extensions/Particle3D/CCParticle3DEmitter.cpp,1,0,1
/media/ullmann/hdd/research/engines/cocos2d-x/extensions/Particle3D/PU/CCPUDoScaleEventHandler.cpp,2,0,2
/media/ullmann/hdd/research/engines/cocos2d-x/tests/performance-tests/Classes/tests/PerformanceContainerTest.cpp,1,0,1
/media/ullmann/hdd/research/engines/cocos2d-x/cocos/renderer/backend/metal/Utils.h,2,0,2
/media/ullmann/hdd/research/engines/cocos2d-x/tests/cpp-empty-test/proj.win32/main.cpp,2,0,2
/media/ullmann/hdd/research/engines/cocos2d-x/cocos/renderer/shaders/positionTextureUColor.vert,0,1,1
/media/ullmann/hdd/research/engines/cocos2d-x/extensions/Particle3D/PU/CCPUParticleSystem3DTranslator.h,3,2,5
/media/ullmann/hdd/research/engines/cocos2d-x/tests/performance-tests/Classes/tests/PerformanceLabelTest.cpp,1,0,1
/media/ullmann/hdd/research/engines/cocos2d-x/extensions/Particle3D/PU/CCPUScriptLexer.cpp,1,0,1
/media/ullmann/hdd/research/engines/cocos2d-x/cocos/audio/android/mp3reader.cpp,2,0,2
/media/ullmann/hdd/research/engines/cocos2d-x/cocos/navmesh/CCNavMeshAgent.cpp,4,0,4
/media/ullmann/hdd/research/engines/cocos2d-x/cocos/editor-support/cocostudio/WidgetCallBackHandlerProtocol.cpp,1,0,1
/media/ullmann/hdd/research/engines/cocos2d-x/tests/cpp-empty-test/proj.win32/main.h,1,1,2
/media/ullmann/hdd/research/engines/cocos2d-x/extensions/Particle3D/PU/CCPUDynamicAttribute.cpp,3,0,3
/media/ullmann/hdd/research/engines/cocos2d-x/cocos/audio/android/PcmAudioService.cpp,2,0,2
/media/ullmann/hdd/research/engines/cocos2d-x/cocos/renderer/backend/metal/BufferMTL.h,1,0,1
/media/ullmann/hdd/research/engines/cocos2d-x/cocos/base/base64.cpp,1,0,1
/media/ullmann/hdd/research/engines/cocos2d-x/cocos/3d/CCOBB.cpp,1,0,1
/media/ullmann/hdd/research/engines/cocos2d-x/cocos/editor-support/cocostudio/CCActionFrameEasing.h,2,3,5
/media/ullmann/hdd/research/engines/cocos2d-x/tests/cpp-tests/Classes/TextureCacheTest/TextureCacheTest.cpp,1,0,1
/media/ullmann/hdd/research/engines/cocos2d-x/cocos/platform/linux/CCCommon-linux.cpp,3,0,3
/media/ullmann/hdd/research/engines/cocos2d-x/cocos/audio/android/PcmAudioPlayer.cpp,4,0,4
/media/ullmann/hdd/research/engines/cocos2d-x/tests/cpp-tests/Classes/EffectsAdvancedTest/EffectsAdvancedTest.cpp,1,0,1
/media/ullmann/hdd/research/engines/cocos2d-x/cocos/ui/UITextBMFont.cpp,3,0,3
/media/ullmann/hdd/research/engines/cocos2d-x/tests/performance-tests/proj.win32/main.cpp,2,0,2
/media/ullmann/hdd/research/engines/cocos2d-x/tests/performance-tests/proj.win32/main.h,1,1,2
/media/ullmann/hdd/research/engines/cocos2d-x/cocos/base/ccCArray.cpp,2,0,2
/media/ullmann/hdd/research/engines/cocos2d-x/cocos/2d/CCParallaxNode.cpp,2,0,2
/media/ullmann/hdd/research/engines/cocos2d-x/cocos/ui/CocosGUI.cpp,1,0,1
/media/ullmann/hdd/research/engines/cocos2d-x/extensions/Particle3D/PU/CCPUTextureRotatorTranslator.cpp,4,0,4
/media/ullmann/hdd/research/engines/cocos2d-x/extensions/Particle3D/PU/CCPUPlane.cpp,1,0,1
/media/ullmann/hdd/research/engines/cocos2d-x/extensions/Particle3D/PU/CCPUParticleSystem3DTranslator.cpp,1,0,1
/media/ullmann/hdd/research/engines/cocos2d-x/extensions/GUI/CCScrollView/CCTableViewCell.cpp,1,0,1
/media/ullmann/hdd/research/engines/cocos2d-x/cocos/base/firePngData.h,0,1,1
/media/ullmann/hdd/research/engines/cocos2d-x/cocos/base/uthash.h,0,3,3
/media/ullmann/hdd/research/engines/cocos2d-x/extensions/Particle3D/PU/CCPUOnCountObserver.cpp,2,0,2
/media/ullmann/hdd/research/engines/cocos2d-x/cocos/renderer/shaders/3D_colorNormalTexture.frag,0,1,1
/media/ullmann/hdd/research/engines/cocos2d-x/tests/cpp-tests/Classes/UITest/CocoStudioGUITest/UISceneManager.h,0,1,1
/media/ullmann/hdd/research/engines/cocos2d-x/tests/performance-tests/Classes/tests/testResource.h,0,1,1
/media/ullmann/hdd/research/engines/cocos2d-x/cocos/math/Vec4.inl,0,1,1
/media/ullmann/hdd/research/engines/cocos2d-x/cocos/ui/UIWebView/UIWebViewImpl-android.h,0,2,2
/media/ullmann/hdd/research/engines/cocos2d-x/cocos/ui/UIEditBox/iOS/CCUIEditBoxIOS.h,1,0,1
/media/ullmann/hdd/research/engines/cocos2d-x/tests/performance-tests/Classes/tests/PerformanceAllocTest.cpp,1,0,1
/media/ullmann/hdd/research/engines/cocos2d-x/tests/cpp-tests/Classes/UITest/CocoStudioGUITest/UIWidgetAddNodeTest/UIWidgetAddNodeTest.cpp,1,0,1
/media/ullmann/hdd/research/engines/cocos2d-x/tests/cpp-tests/Classes/MenuTest/MenuTest.cpp,2,0,2
/media/ullmann/hdd/research/engines/cocos2d-x/cocos/ui/UICheckBox.cpp,1,0,1
/media/ullmann/hdd/research/engines/cocos2d-x/tests/cpp-tests/Classes/UITest/CocoStudioGUITest/UILayoutTest/UILayoutTest.cpp,1,0,1
/media/ullmann/hdd/research/engines/cocos2d-x/cocos/network/CCDownloader.cpp,4,0,4
/media/ullmann/hdd/research/engines/cocos2d-x/cocos/renderer/shaders/3D_positionTexture.vert,0,1,1
/media/ullmann/hdd/research/engines/cocos2d-x/cocos/ui/UIEditBox/Mac/CCUIEditBoxMac.h,2,0,2
/media/ullmann/hdd/research/engines/cocos2d-x/cocos/scripting/lua-bindings/manual/controller/lua_cocos2dx_controller_manual.hpp,0,1,1
/media/ullmann/hdd/research/engines/cocos2d-x/tests/cpp-tests/Classes/VisibleRect.cpp,1,0,1
/media/ullmann/hdd/research/engines/cocos2d-x/tests/lua-empty-test/project/proj.linux/main.cpp,2,0,2
/media/ullmann/hdd/research/engines/cocos2d-x/cocos/renderer/backend/metal/DepthStencilStateMTL.h,1,0,1
/media/ullmann/hdd/research/engines/cocos2d-x/tests/cpp-tests/Classes/BugsTest/Bug-14327.cpp,1,0,1
/media/ullmann/hdd/research/engines/cocos2d-x/tests/cpp-empty-test/proj.mac/main.cpp,1,0,1
/media/ullmann/hdd/research/engines/cocos2d-x/tests/cpp-empty-test/proj.linux/main.cpp,2,0,2
/media/ullmann/hdd/research/engines/cocos2d-x/cocos/base/CCEventTouch.cpp,2,0,2
/media/ullmann/hdd/research/engines/cocos2d-x/cocos/3d/CCFrustum.cpp,2,0,2
/media/ullmann/hdd/research/engines/cocos2d-x/cocos/renderer/shaders/lineColor.vert,0,1,1
/media/ullmann/hdd/research/engines/cocos2d-x/cocos/renderer/backend/metal/ProgramMTL.h,1,0,1
/media/ullmann/hdd/research/engines/cocos2d-x/cocos/base/pvr.cpp,1,0,1
/media/ullmann/hdd/research/engines/cocos2d-x/cocos/renderer/shaders/3D_colorNormal.frag,0,1,1
/media/ullmann/hdd/research/engines/cocos2d-x/tests/performance-tests/Classes/tests/PerformanceEventDispatcherTest.cpp,1,0,1
/media/ullmann/hdd/research/engines/cocos2d-x/tests/cpp-tests/Classes/LightTest/LightTest.cpp,1,0,1
/media/ullmann/hdd/research/engines/cocos2d-x/tests/cpp-tests/Classes/TouchesTest/Paddle.cpp,1,0,1
/media/ullmann/hdd/research/engines/cocos2d-x/cocos/math/CCGeometry.cpp,2,0,2
/media/ullmann/hdd/research/engines/cocos2d-x/cocos/physics3d/CCPhysicsSprite3D.cpp,1,0,1
/media/ullmann/hdd/research/engines/cocos2d-x/tests/cpp-tests/Classes/UITest/CocoStudioGUITest/UIListViewTest/UIListViewTest.cpp,1,0,1
/media/ullmann/hdd/research/engines/cocos2d-x/cocos/platform/linux/CCPlatformDefine-linux.h,0,1,1
/media/ullmann/hdd/research/engines/cocos2d-x/cocos/editor-support/spine/v4/SkeletonBatch.cpp,2,0,2
/media/ullmann/hdd/research/engines/cocos2d-x/cocos/2d/CCTweenFunction.cpp,1,0,1
/media/ullmann/hdd/research/engines/cocos2d-x/tests/cpp-tests/Classes/OpenURLTest/OpenURLTest.cpp,1,0,1
/media/ullmann/hdd/research/engines/cocos2d-x/tests/cpp-tests/Classes/ReleasePoolTest/ReleasePoolTest.cpp,1,0,1
/media/ullmann/hdd/research/engines/cocos2d-x/cocos/3d/CCAnimationCurve.inl,0,1,1
/media/ullmann/hdd/research/engines/cocos2d-x/tests/cpp-tests/Classes/UITest/CocoStudioGUITest/UITextAtlasTest/UITextAtlasTest.cpp,1,0,1
/media/ullmann/hdd/research/engines/cocos2d-x/tests/cpp-tests/Classes/UITest/CocoStudioGUITest/UITextFieldTest/UITextFieldTest.cpp,1,0,1
/media/ullmann/hdd/research/engines/cocos2d-x/extensions/GUI/CCControlExtension/CCControlStepper.cpp,1,0,1
/media/ullmann/hdd/research/engines/cocos2d-x/tests/cpp-tests/Classes/BugsTest/Bug-Child.cpp,1,0,1
/media/ullmann/hdd/research/engines/cocos2d-x/tests/cpp-tests/Classes/BugsTest/Bug-624.cpp,1,0,1
/media/ullmann/hdd/research/engines/cocos2d-x/extensions/Particle3D/PU/CCPUOnQuotaObserver.cpp,2,0,2
/media/ullmann/hdd/research/engines/cocos2d-x/cocos/scripting/lua-bindings/manual/network/lua_extensions.c,1,0,1
/media/ullmann/hdd/research/engines/cocos2d-x/cocos/renderer/shaders/label_distanceNormal.frag,0,1,1
/media/ullmann/hdd/research/engines/cocos2d-x/tests/cpp-tests/Classes/BugsTest/Bug-458/QuestionContainerSprite.cpp,1,0,1
/media/ullmann/hdd/research/engines/cocos2d-x/cocos/renderer/shaders/positionColor.vert,0,1,1
/media/ullmann/hdd/research/engines/cocos2d-x/cocos/audio/apple/AudioCache.h,2,1,3
/media/ullmann/hdd/research/engines/cocos2d-x/cocos/audio/win32/AudioDecoderOgg.cpp,3,0,3
/media/ullmann/hdd/research/engines/cocos2d-x/tests/cpp-tests/Classes/FileUtilsTest/FileUtilsTest.cpp,1,0,1
/media/ullmann/hdd/research/engines/cocos2d-x/cocos/base/CCProfiling.cpp,1,0,1
/media/ullmann/hdd/research/engines/cocos2d-x/tests/cpp-tests/Classes/ExtensionsTest/TableViewTest/CustomTableViewCell.cpp,1,0,1
/media/ullmann/hdd/research/engines/cocos2d-x/cocos/platform/mac/CCPlatformDefine-mac.h,0,1,1
/media/ullmann/hdd/research/engines/cocos2d-x/cocos/base/CCEventListenerMouse.cpp,1,0,1
/media/ullmann/hdd/research/engines/cocos2d-x/cocos/editor-support/cocostudio/ActionTimeline/CCSkinNode.cpp,1,0,1
/media/ullmann/hdd/research/engines/cocos2d-x/cocos/renderer/backend/ShaderModule.cpp,1,0,1
/media/ullmann/hdd/research/engines/cocos2d-x/extensions/GUI/CCControlExtension/CCInvocation.cpp,1,0,1
/media/ullmann/hdd/research/engines/cocos2d-x/cocos/ui/UIRadioButton.cpp,1,0,1
/media/ullmann/hdd/research/engines/cocos2d-x/cocos/renderer/shaders/positionTextureColor.frag,0,1,1
/media/ullmann/hdd/research/engines/cocos2d-x/tests/cpp-tests/Classes/TerrainTest/TerrainTest.cpp,1,0,1
/media/ullmann/hdd/research/engines/cocos2d-x/cocos/renderer/shaders/3D_skybox.vert,0,1,1
/media/ullmann/hdd/research/engines/cocos2d-x/tests/cpp-tests/Classes/UnitTest/RefPtrTest.h,1,0,1
/media/ullmann/hdd/research/engines/cocos2d-x/tests/cpp-tests/proj.win32/main.cpp,1,0,1
/media/ullmann/hdd/research/engines/cocos2d-x/cocos/audio/include/Export.h,0,1,1
/media/ullmann/hdd/research/engines/cocos2d-x/cocos/platform/win32/CCStdC-win32.cpp,1,0,1
/media/ullmann/hdd/research/engines/cocos2d-x/cocos/renderer/shaders/positionTextureColorAlphaTest.frag,0,1,1
/media/ullmann/hdd/research/engines/cocos2d-x/tests/performance-tests/Classes/tests/PerformanceCallbackTest.cpp,1,0,1
/media/ullmann/hdd/research/engines/cocos2d-x/tests/cpp-tests/Classes/BugsTest/Bug-886.cpp,1,0,1
/media/ullmann/hdd/research/engines/cocos2d-x/cocos/renderer/shaders/position.vert,0,1,1
/media/ullmann/hdd/research/engines/cocos2d-x/cocos/editor-support/spine/SkeletonRenderer.h,1,0,1
/media/ullmann/hdd/research/engines/cocos2d-x/cocos/editor-support/cocostudio/CCUtilMath.cpp,1,0,1
/media/ullmann/hdd/research/engines/cocos2d-x/cocos/editor-support/cocostudio/WidgetReader/TabControlReader/CSTabControl_generated.h,0,1,1
/media/ullmann/hdd/research/engines/cocos2d-x/cocos/2d/CCActionTween.cpp,1,0,1
/media/ullmann/hdd/research/engines/cocos2d-x/cocos/renderer/shaders/positionUColor.frag,0,1,1
/media/ullmann/hdd/research/engines/cocos2d-x/cocos/renderer/CCRenderCommandPool.h,1,1,2
/media/ullmann/hdd/research/engines/cocos2d-x/tests/performance-tests/Classes/tests/PerformanceMathTest.cpp,1,0,1
/media/ullmann/hdd/research/engines/cocos2d-x/cocos/renderer/shaders/layer_radialGradient.frag,0,1,1
/media/ullmann/hdd/research/engines/cocos2d-x/tests/cpp-tests/Classes/Sprite3DTest/DrawNode3D.cpp,2,0,2
/media/ullmann/hdd/research/engines/cocos2d-x/cocos/renderer/shaders/3D_terrain.frag,0,1,1
/media/ullmann/hdd/research/engines/cocos2d-x/tests/cpp-tests/Classes/UITest/CocoStudioGUITest/UIRadioButtonTest/UIRadioButtonTest.cpp,1,0,1
/media/ullmann/hdd/research/engines/cocos2d-x/tests/performance-tests/Classes/tests/VisibleRect.cpp,1,0,1
/media/ullmann/hdd/research/engines/cocos2d-x/cocos/math/MathUtilSSE.inl,0,1,1
/media/ullmann/hdd/research/engines/cocos2d-x/cocos/scripting/lua-bindings/manual/CCLuaBridge.cpp,1,0,1
/media/ullmann/hdd/research/engines/cocos2d-x/cocos/renderer/shaders/etc1_Gray.frag,0,1,1
/media/ullmann/hdd/research/engines/cocos2d-x/cocos/renderer/shaders/lineColor.frag,0,1,1
/media/ullmann/hdd/research/engines/cocos2d-x/cocos/math/Vec2.inl,0,1,1
/media/ullmann/hdd/research/engines/cocos2d-x/cocos/renderer/shaders/cameraClear.frag,0,1,1
/media/ullmann/hdd/research/engines/cocos2d-x/cocos/renderer/shaders/etc1.frag,0,1,1
/media/ullmann/hdd/research/engines/cocos2d-x/cocos/base/etc1.cpp,1,0,1
/media/ullmann/hdd/research/engines/cocos2d-x/tests/cpp-tests/Classes/NewEventDispatcherTest/NewEventDispatcherTest.cpp,1,0,1
/media/ullmann/hdd/research/engines/cocos2d-x/cocos/editor-support/cocostudio/CocoLoader.cpp,1,0,1
/media/ullmann/hdd/research/engines/cocos2d-x/cocos/renderer/shaders/3D_positionNormalTexture.vert,0,1,1
/media/ullmann/hdd/research/engines/cocos2d-x/cocos/renderer/shaders/positionTexture.frag,0,1,1
/media/ullmann/hdd/research/engines/cocos2d-x/tests/lua-empty-test/project/proj.mac/main.cpp,1,0,1
/media/ullmann/hdd/research/engines/cocos2d-x/cocos/platform/ios/CCPlatformDefine-ios.h,0,1,1
/media/ullmann/hdd/research/engines/cocos2d-x/cocos/base/ObjectFactory.cpp,1,0,1
/media/ullmann/hdd/research/engines/cocos2d-x/cocos/precheader.h,1,0,1
/media/ullmann/hdd/research/engines/cocos2d-x/cocos/base/utlist.h,0,1,1
