edge,includes,includedby,sum
/media/ullmann/hdd/research/engines/Urho3D/Source/ThirdParty/Assimp/code/X3DImporter_Postprocess.cpp,3,0,3
/media/ullmann/hdd/research/engines/Urho3D/Source/ThirdParty/Assimp/code/StandardShapes.h,0,6,6
/media/ullmann/hdd/research/engines/Urho3D/Source/ThirdParty/Bullet/src/BulletDynamics/Featherstone/btMultiBodySphericalJointMotor.h,1,1,2
/media/ullmann/hdd/research/engines/Urho3D/Source/ThirdParty/Bullet/src/BulletDynamics/Featherstone/btMultiBodyConstraint.h,2,11,13
/media/ullmann/hdd/research/engines/Urho3D/Source/ThirdParty/Lua/src/lcode.h,4,3,7
/media/ullmann/hdd/research/engines/Urho3D/Source/ThirdParty/Lua/src/lopcodes.h,1,9,10
/media/ullmann/hdd/research/engines/Urho3D/Source/Urho3D/UI/UI.cpp,42,0,42
/media/ullmann/hdd/research/engines/Urho3D/Source/Urho3D/Core/Context.h,3,168,171
/media/ullmann/hdd/research/engines/Urho3D/Source/Urho3D/AngelScript/ScriptFile.cpp,12,0,12
/media/ullmann/hdd/research/engines/Urho3D/Source/Urho3D/IO/FileSystem.h,3,56,59
/media/ullmann/hdd/research/engines/Urho3D/Source/ThirdParty/Assimp/code/OgreMaterial.cpp,3,0,3
/media/ullmann/hdd/research/engines/Urho3D/Source/ThirdParty/Assimp/code/fast_atof.h,1,45,46
/media/ullmann/hdd/research/engines/Urho3D/Source/ThirdParty/FreeType/src/autofit/afdummy.c,3,1,4
/media/ullmann/hdd/research/engines/Urho3D/Source/ThirdParty/FreeType/src/autofit/afhints.h,1,9,10
/media/ullmann/hdd/research/engines/Urho3D/Source/ThirdParty/FreeType/src/type1/t1parse.c,2,1,3
/media/ullmann/hdd/research/engines/Urho3D/Source/ThirdParty/FreeType/src/type1/t1errors.h,0,6,6
/media/ullmann/hdd/research/engines/Urho3D/Source/Urho3D/IO/MemoryBuffer.cpp,2,0,2
/media/ullmann/hdd/research/engines/Urho3D/Source/Urho3D/IO/MemoryBuffer.h,1,23,24
/media/ullmann/hdd/research/engines/Urho3D/script/build/include/Urho3D/AngelScript/Manual_Graphics.h,17,1,18
/media/ullmann/hdd/research/engines/Urho3D/script/build/include/Urho3D/GraphicsAPI/IndexBuffer.h,4,3,7
/media/ullmann/hdd/research/engines/Urho3D/Source/ThirdParty/SLikeNet/Source/src/CloudCommon.cpp,3,0,3
/media/ullmann/hdd/research/engines/Urho3D/include/Urho3D/ThirdParty/slikenet/BitStream.h,0,35,35
/media/ullmann/hdd/research/engines/Urho3D/Source/ThirdParty/Assimp/contrib/zlib/gzclose.c,1,0,1
/media/ullmann/hdd/research/engines/Urho3D/Source/ThirdParty/Assimp/contrib/zlib/gzguts.h,1,5,6
/media/ullmann/hdd/research/engines/Urho3D/Source/Urho3D/GraphicsAPI/VertexBuffer.h,4,38,42
/media/ullmann/hdd/research/engines/Urho3D/Source/Urho3D/GraphicsAPI/GPUObject.h,1,8,9
/media/ullmann/hdd/research/engines/Urho3D/Source/ThirdParty/SDL/src/core/android/SDL_android.h,1,18,19
/media/ullmann/hdd/research/engines/Urho3D/Source/ThirdParty/SDL/src/SDL_internal.h,2,506,508
/media/ullmann/hdd/research/engines/Urho3D/Source/ThirdParty/SLikeNet/Source/include/slikenet/DS_Multilist.h,4,2,6
/media/ullmann/hdd/research/engines/Urho3D/Source/ThirdParty/SLikeNet/Source/include/slikenet/memoryoverride.h,3,61,64
/media/ullmann/hdd/research/engines/Urho3D/Source/ThirdParty/LuaJIT/src/lj_cparse.c,11,1,12
/media/ullmann/hdd/research/engines/Urho3D/Source/ThirdParty/LuaJIT/src/lj_char.h,1,8,9
/media/ullmann/hdd/research/engines/Urho3D/Source/ThirdParty/SDL/src/video/SDL_blit.h,1,17,18
/media/ullmann/hdd/research/engines/Urho3D/include/Urho3D/AngelScript/Manual_Graphics.h,17,1,18
/media/ullmann/hdd/research/engines/Urho3D/include/Urho3D/Graphics/ParticleEffect.h,2,2,4
/media/ullmann/hdd/research/engines/Urho3D/include/Urho3D/Graphics/View.h,6,1,7
/media/ullmann/hdd/research/engines/Urho3D/include/Urho3D/Math/Polyhedron.h,1,3,4
/media/ullmann/hdd/research/engines/Urho3D/Source/ThirdParty/SLikeNet/Source/src/FileListTransfer.cpp,14,0,14
/media/ullmann/hdd/research/engines/Urho3D/include/Urho3D/ThirdParty/slikenet/FileListTransfer.h,0,2,2
/media/ullmann/hdd/research/engines/Urho3D/Source/Urho3D/AngelScript/ScriptInstance.h,2,4,6
/media/ullmann/hdd/research/engines/Urho3D/Source/Urho3D/AngelScript/ScriptEventListener.h,1,2,3
/media/ullmann/hdd/research/engines/Urho3D/Source/ThirdParty/Assimp/code/FBXParser.cpp,7,0,7
/media/ullmann/hdd/research/engines/Urho3D/Source/ThirdParty/Assimp/code/ByteSwapper.h,0,23,23
/media/ullmann/hdd/research/engines/Urho3D/Source/ThirdParty/SLikeNet/Source/slikenet/SimpleMutex.h,1,0,1
/media/ullmann/hdd/research/engines/Urho3D/Source/ThirdParty/SLikeNet/Source/include/slikenet/SimpleMutex.h,3,13,16
/media/ullmann/hdd/research/engines/Urho3D/Source/Urho3D/Engine/Console.cpp,19,0,19
/media/ullmann/hdd/research/engines/Urho3D/Source/Urho3D/UI/LineEdit.h,1,6,7
/media/ullmann/hdd/research/engines/Urho3D/Source/ThirdParty/SLikeNet/Source/src/Rackspace.cpp,4,0,4
/media/ullmann/hdd/research/engines/Urho3D/include/Urho3D/ThirdParty/slikenet/TCPInterface.h,0,7,7
/media/ullmann/hdd/research/engines/Urho3D/Source/Urho3D/AngelScript/ScriptAPIDump.cpp,7,0,7
/media/ullmann/hdd/research/engines/Urho3D/Source/ThirdParty/WebP/src/enc/histogram_enc.c,5,0,5
/media/ullmann/hdd/research/engines/Urho3D/Source/ThirdParty/WebP/src/utils/utils.h,2,45,47
/media/ullmann/hdd/research/engines/Urho3D/Source/Urho3D/Input/Input.cpp,18,0,18
/media/ullmann/hdd/research/engines/Urho3D/Source/Urho3D/Core/StringUtils.h,1,11,12
/media/ullmann/hdd/research/engines/Urho3D/script/build/include/Urho3D/Scene/ValueAnimation.h,2,1,3
/media/ullmann/hdd/research/engines/Urho3D/script/build/include/Urho3D/Resource/Resource.h,3,25,28
/media/ullmann/hdd/research/engines/Urho3D/Source/ThirdParty/LuaJIT/src/lj_record.c,20,1,21
/media/ullmann/hdd/research/engines/Urho3D/Source/ThirdParty/LuaJIT/src/lj_err.h,2,43,45
/media/ullmann/hdd/research/engines/Urho3D/Source/ThirdParty/SDL/src/libm/s_floor.c,2,0,2
/media/ullmann/hdd/research/engines/Urho3D/Source/ThirdParty/SDL/src/libm/math_private.h,0,20,20
/media/ullmann/hdd/research/engines/Urho3D/Source/Urho3D/GraphicsAPI/OpenGL/OGLTexture2D.cpp,13,0,13
/media/ullmann/hdd/research/engines/Urho3D/Source/Urho3D/Graphics/Renderer.h,6,33,39
/media/ullmann/hdd/research/engines/Urho3D/include/Urho3D/ThirdParty/rapidjson/uri.h,1,2,3
/media/ullmann/hdd/research/engines/Urho3D/include/Urho3D/ThirdParty/rapidjson/internal/strfunc.h,1,3,4
/media/ullmann/hdd/research/engines/Urho3D/Source/Urho3D/Resource/XMLFile.cpp,11,0,11
/media/ullmann/hdd/research/engines/Urho3D/Source/Urho3D/IO/Log.h,4,160,164
/media/ullmann/hdd/research/engines/Urho3D/Source/Urho3D/Graphics/Skybox.cpp,7,0,7
/media/ullmann/hdd/research/engines/Urho3D/Source/Urho3D/DebugNew.h,0,233,233
/media/ullmann/hdd/research/engines/Urho3D/Source/ThirdParty/AngelScript/source/as_scriptengine.h,12,29,41
/media/ullmann/hdd/research/engines/Urho3D/Source/ThirdParty/AngelScript/source/as_config.h,2,59,61
/media/ullmann/hdd/research/engines/Urho3D/include/Urho3D/GraphicsAPI/Direct3D9/D3D9VertexDeclaration.h,3,1,4
/media/ullmann/hdd/research/engines/Urho3D/include/Urho3D/Container/Ptr.h,2,22,24
/media/ullmann/hdd/research/engines/Urho3D/Source/Urho3D/GraphicsAPI/OpenGL/OGLTextureCube.cpp,13,0,13
/media/ullmann/hdd/research/engines/Urho3D/Source/ThirdParty/FreeType/src/gzip/ftgzip.c,13,0,13
/media/ullmann/hdd/research/engines/Urho3D/Source/ThirdParty/FreeType/src/gzip/infcodes.h,0,4,4
/media/ullmann/hdd/research/engines/Urho3D/Source/ThirdParty/SLikeNet/Source/src/ReadyEvent.cpp,6,0,6
/media/ullmann/hdd/research/engines/Urho3D/include/Urho3D/ThirdParty/slikenet/NativeFeatureIncludes.h,0,42,42
/media/ullmann/hdd/research/engines/Urho3D/Source/ThirdParty/SDL/src/video/pandora/SDL_pandora.c,6,0,6
/media/ullmann/hdd/research/engines/Urho3D/Source/ThirdParty/SDL/src/events/SDL_mouse_c.h,1,25,26
/media/ullmann/hdd/research/engines/Urho3D/Source/ThirdParty/Tracy/Tracy.hpp,5,7,12
/media/ullmann/hdd/research/engines/Urho3D/Source/ThirdParty/Tracy/client/TracyLock.hpp,3,1,4
/media/ullmann/hdd/research/engines/Urho3D/Source/ThirdParty/WebP/src/utils/bit_writer_utils.h,1,4,5
/media/ullmann/hdd/research/engines/Urho3D/Source/ThirdParty/WebP/src/webp/types.h,0,22,22
/media/ullmann/hdd/research/engines/Urho3D/Source/ThirdParty/AngelScript/source/as_callfunc_x86.cpp,6,0,6
/media/ullmann/hdd/research/engines/Urho3D/Source/ThirdParty/AngelScript/source/as_tokendef.h,1,18,19
/media/ullmann/hdd/research/engines/Urho3D/Source/ThirdParty/Assimp/code/DXFLoader.cpp,5,0,5
/media/ullmann/hdd/research/engines/Urho3D/Source/ThirdParty/LuaJIT/src/lj_opt_mem.c,6,1,7
/media/ullmann/hdd/research/engines/Urho3D/Source/ThirdParty/LuaJIT/src/lj_iropt.h,2,15,17
/media/ullmann/hdd/research/engines/Urho3D/Source/Urho3D/GraphicsAPI/Direct3D9/D3D9ShaderVariation.cpp,10,0,10
/media/ullmann/hdd/research/engines/Urho3D/Source/ThirdParty/Assimp/code/ValidateDataStructure.h,1,3,4
/media/ullmann/hdd/research/engines/Urho3D/Source/ThirdParty/Assimp/code/BaseProcess.h,1,31,32
/media/ullmann/hdd/research/engines/Urho3D/Source/ThirdParty/SDL/src/video/SDL_egl.c,5,0,5
/media/ullmann/hdd/research/engines/Urho3D/script/build/include/Urho3D/AngelScript/Generated_Includes.h,236,1,237
/media/ullmann/hdd/research/engines/Urho3D/script/build/include/Urho3D/Math/Quaternion.h,1,6,7
/media/ullmann/hdd/research/engines/Urho3D/Source/ThirdParty/SLikeNet/Source/src/LogCommandParser.cpp,6,0,6
/media/ullmann/hdd/research/engines/Urho3D/Source/ThirdParty/FreeType/src/otvalid/otvmath.c,3,1,4
/media/ullmann/hdd/research/engines/Urho3D/Source/ThirdParty/FreeType/src/otvalid/otvcommn.h,1,8,9
/media/ullmann/hdd/research/engines/Urho3D/Source/ThirdParty/Assimp/code/ASELoader.cpp,5,0,5
/media/ullmann/hdd/research/engines/Urho3D/Source/ThirdParty/Assimp/code/TargetAnimation.h,0,3,3
/media/ullmann/hdd/research/engines/Urho3D/script/build/include/Urho3D/ThirdParty/ik/effector.h,3,0,3
/media/ullmann/hdd/research/engines/Urho3D/include/Urho3D/ThirdParty/ik/quat.h,2,11,13
/media/ullmann/hdd/research/engines/Urho3D/Source/ThirdParty/Bullet/src/LinearMath/btConvexHullComputer.h,2,1,3
/media/ullmann/hdd/research/engines/Urho3D/Source/ThirdParty/Bullet/src/LinearMath/btAlignedObjectArray.h,2,9,11
/media/ullmann/hdd/research/engines/Urho3D/Source/ThirdParty/SDL/src/video/x11/SDL_x11shape.c,5,0,5
/media/ullmann/hdd/research/engines/Urho3D/Source/ThirdParty/SDL/src/video/x11/SDL_x11window.h,1,2,3
/media/ullmann/hdd/research/engines/Urho3D/include/Urho3D/Engine/Application.h,3,0,3
/media/ullmann/hdd/research/engines/Urho3D/include/Urho3D/Core/Context.h,3,6,9
/media/ullmann/hdd/research/engines/Urho3D/Source/ThirdParty/SDL/src/audio/esd/SDL_esdaudio.h,2,1,3
/media/ullmann/hdd/research/engines/Urho3D/Source/ThirdParty/SDL/src/audio/SDL_sysaudio.h,3,33,36
/media/ullmann/hdd/research/engines/Urho3D/Source/ThirdParty/Tracy/client/TracyDxt1.cpp,2,1,3
/media/ullmann/hdd/research/engines/Urho3D/Source/ThirdParty/Tracy/common/TracyForceInline.hpp,0,7,7
/media/ullmann/hdd/research/engines/Urho3D/Source/Urho3D/AngelScript/Manual_Graphics.h,17,2,19
/media/ullmann/hdd/research/engines/Urho3D/Source/Urho3D/Graphics/ParticleEffect.h,2,5,7
/media/ullmann/hdd/research/engines/Urho3D/include/Urho3D/AngelScript/Generated_Includes.h,236,1,237
/media/ullmann/hdd/research/engines/Urho3D/include/Urho3D/UI/Sprite.h,2,1,3
/media/ullmann/hdd/research/engines/Urho3D/Source/ThirdParty/Assimp/contrib/poly2tri/poly2tri/common/shapes.cc,1,0,1
/media/ullmann/hdd/research/engines/Urho3D/Source/ThirdParty/Assimp/contrib/poly2tri/poly2tri/common/shapes.h,0,3,3
/media/ullmann/hdd/research/engines/Urho3D/Source/ThirdParty/SDL/src/joystick/windows/SDL_xinputjoystick.c,5,0,5
/media/ullmann/hdd/research/engines/Urho3D/Source/ThirdParty/SDL/src/joystick/SDL_sysjoystick.h,2,26,28
/media/ullmann/hdd/research/engines/Urho3D/Source/ThirdParty/Assimp/code/XGLLoader.h,3,2,5
/media/ullmann/hdd/research/engines/Urho3D/Source/ThirdParty/Assimp/code/BaseImporter.h,1,63,64
/media/ullmann/hdd/research/engines/Urho3D/Source/ThirdParty/Tracy/client/TracyProfiler.cpp,13,1,14
/media/ullmann/hdd/research/engines/Urho3D/Source/ThirdParty/Tracy/client/TracyArmCpuTable.hpp,0,1,1
/media/ullmann/hdd/research/engines/Urho3D/Source/Urho3D/IO/FileWatcher.cpp,7,0,7
/media/ullmann/hdd/research/engines/Urho3D/Source/ThirdParty/SDL/src/video/qnx/keyboard.c,3,0,3
/media/ullmann/hdd/research/engines/Urho3D/Source/ThirdParty/SDL/src/events/SDL_keyboard_c.h,1,21,22
/media/ullmann/hdd/research/engines/Urho3D/Source/Urho3D/AngelScript/Generated_Includes.h,236,7,243
/media/ullmann/hdd/research/engines/Urho3D/Source/Urho3D/Graphics/Graphics.h,10,87,97
/media/ullmann/hdd/research/engines/Urho3D/Source/ThirdParty/Box2D/include/box2d/b2_block_allocator.h,2,1,3
/media/ullmann/hdd/research/engines/Urho3D/Source/ThirdParty/Box2D/include/box2d/b2_api.h,0,34,34
/media/ullmann/hdd/research/engines/Urho3D/Source/ThirdParty/SDL/src/video/directfb/SDL_DirectFB_window.c,7,0,7
/media/ullmann/hdd/research/engines/Urho3D/Source/ThirdParty/SDL/src/video/SDL_pixels_c.h,2,16,18
/media/ullmann/hdd/research/engines/Urho3D/script/build/include/Urho3D/LuaScript/ToluaUtils.h,3,0,3
/media/ullmann/hdd/research/engines/Urho3D/script/build/include/Urho3D/Core/Context.h,3,6,9
/media/ullmann/hdd/research/engines/Urho3D/Source/Urho3D/Scene/ValueAnimation.cpp,12,0,12
/media/ullmann/hdd/research/engines/Urho3D/Source/ThirdParty/Assimp/contrib/rapidjson/include/rapidjson/reader.h,7,1,8
/media/ullmann/hdd/research/engines/Urho3D/Source/ThirdParty/Assimp/contrib/rapidjson/include/rapidjson/internal/strtod.h,4,1,5
/media/ullmann/hdd/research/engines/Urho3D/Source/ThirdParty/WebP/src/dsp/enc_sse2.c,4,0,4
/media/ullmann/hdd/research/engines/Urho3D/Source/ThirdParty/WebP/src/enc/cost_enc.h,1,13,14
/media/ullmann/hdd/research/engines/Urho3D/Source/Urho3D/Resource/ResourceCache.cpp,17,0,17
/media/ullmann/hdd/research/engines/Urho3D/Source/Urho3D/Resource/ResourceEvents.h,1,12,13
/media/ullmann/hdd/research/engines/Urho3D/script/build/include/Urho3D/AngelScript/ScriptInstance.h,2,1,3
/media/ullmann/hdd/research/engines/Urho3D/script/build/include/Urho3D/AngelScript/ScriptEventListener.h,1,2,3
/media/ullmann/hdd/research/engines/Urho3D/Source/ThirdParty/LuaJIT/src/lj_lib.c,15,1,16
/media/ullmann/hdd/research/engines/Urho3D/Source/ThirdParty/LuaJIT/src/lj_strfmt.h,1,26,27
/media/ullmann/hdd/research/engines/Urho3D/script/build/include/Urho3D/Physics/PhysicsWorld.h,6,2,8
/media/ullmann/hdd/research/engines/Urho3D/script/build/include/Urho3D/Math/Sphere.h,1,4,5
/media/ullmann/hdd/research/engines/Urho3D/Source/ThirdParty/LuaJIT/src/lj_ffrecord.c,19,1,20
/media/ullmann/hdd/research/engines/Urho3D/Source/ThirdParty/LuaJIT/src/lj_tab.h,1,33,34
/media/ullmann/hdd/research/engines/Urho3D/script/build/include/Urho3D/AngelScript/Manual_Navigation.h,4,1,5
/media/ullmann/hdd/research/engines/Urho3D/script/build/include/Urho3D/Navigation/CrowdManager.h,1,3,4
/media/ullmann/hdd/research/engines/Urho3D/Source/Urho3D/Engine/Engine.cpp,31,0,31
/media/ullmann/hdd/research/engines/Urho3D/script/build/include/Urho3D/GraphicsAPI/OpenGL/OGLGraphicsImpl.h,6,1,7
/media/ullmann/hdd/research/engines/Urho3D/script/build/include/Urho3D/GraphicsAPI/ConstantBuffer.h,4,4,8
/media/ullmann/hdd/research/engines/Urho3D/Source/ThirdParty/LuaJIT/src/lj_opt_fold.c,14,1,15
/media/ullmann/hdd/research/engines/Urho3D/Source/ThirdParty/LuaJIT/src/lj_vm.h,1,27,28
/media/ullmann/hdd/research/engines/Urho3D/Source/ThirdParty/SDL/src/video/wayland/SDL_waylandopengles.h,3,2,5
/media/ullmann/hdd/research/engines/Urho3D/Source/ThirdParty/SDL/src/video/SDL_sysvideo.h,2,104,106
/media/ullmann/hdd/research/engines/Urho3D/Source/Urho3D/UI/ProgressBar.cpp,6,0,6
/media/ullmann/hdd/research/engines/Urho3D/Source/ThirdParty/SDL/include/SDL.h,31,0,31
/media/ullmann/hdd/research/engines/Urho3D/Source/ThirdParty/SDL/include/SDL_main.h,3,1,4
/media/ullmann/hdd/research/engines/Urho3D/Source/ThirdParty/SDL/src/core/android/SDL_android.c,11,0,11
/media/ullmann/hdd/research/engines/Urho3D/Source/ThirdParty/SDL/src/haptic/android/SDL_syshaptic_c.h,0,2,2
/media/ullmann/hdd/research/engines/Urho3D/Source/ThirdParty/Bullet/src/BulletDynamics/Featherstone/btMultiBodySliderConstraint.cpp,2,0,2
/media/ullmann/hdd/research/engines/Urho3D/Source/ThirdParty/Bullet/src/BulletDynamics/Featherstone/btMultiBodySliderConstraint.h,1,1,2
/media/ullmann/hdd/research/engines/Urho3D/Source/ThirdParty/SLikeNet/Source/src/IncrementalReadInterface.cpp,3,0,3
/media/ullmann/hdd/research/engines/Urho3D/include/Urho3D/ThirdParty/slikenet/IncrementalReadInterface.h,0,3,3
/media/ullmann/hdd/research/engines/Urho3D/Source/ThirdParty/Bullet/src/BulletCollision/CollisionDispatch/btConvexConcaveCollisionAlgorithm.h,2,1,3
/media/ullmann/hdd/research/engines/Urho3D/Source/ThirdParty/Bullet/src/BulletCollision/CollisionDispatch/btCollisionCreateFunc.h,0,6,6
/media/ullmann/hdd/research/engines/Urho3D/Source/ThirdParty/SDL/src/SDL_assert.c,4,0,4
/media/ullmann/hdd/research/engines/Urho3D/Source/ThirdParty/SLikeNet/Source/RelayPlugin.h,1,0,1
/media/ullmann/hdd/research/engines/Urho3D/Source/ThirdParty/SLikeNet/Source/include/slikenet/RelayPlugin.h,4,2,6
/media/ullmann/hdd/research/engines/Urho3D/Source/ThirdParty/FreeType/src/otvalid/otvbase.c,2,1,3
/media/ullmann/hdd/research/engines/Urho3D/Source/ThirdParty/FreeType/src/otvalid/otvalid.h,1,8,9
/media/ullmann/hdd/research/engines/Urho3D/Source/Urho3D/Math/Plane.h,1,4,5
/media/ullmann/hdd/research/engines/Urho3D/Source/Urho3D/Math/Matrix3x4.h,1,14,15
/media/ullmann/hdd/research/engines/Urho3D/Source/ThirdParty/LuaJIT/src/lj_api.c,16,1,17
/media/ullmann/hdd/research/engines/Urho3D/Source/Urho3D/Urho2D/TileMapLayer2D.cpp,10,0,10
/media/ullmann/hdd/research/engines/Urho3D/Source/Urho3D/Graphics/DebugRenderer.h,3,32,35
/media/ullmann/hdd/research/engines/Urho3D/Source/ThirdParty/LuaJIT/src/lj_strscan.h,1,13,14
/media/ullmann/hdd/research/engines/Urho3D/Source/ThirdParty/SLikeNet/Source/include/slikenet/DS_OrderedChannelHeap.h,6,2,8
/media/ullmann/hdd/research/engines/Urho3D/Source/ThirdParty/SLikeNet/Source/include/slikenet/DS_Heap.h,4,5,9
/media/ullmann/hdd/research/engines/Urho3D/Source/ThirdParty/Bullet/src/BulletCollision/Gimpact/btGImpactBvhStructs.h,3,1,4
/media/ullmann/hdd/research/engines/Urho3D/Source/ThirdParty/Bullet/src/BulletCollision/Gimpact/btTriangleShapeEx.h,3,5,8
/media/ullmann/hdd/research/engines/Urho3D/Source/Urho3D/Core/Attribute.h,3,4,7
/media/ullmann/hdd/research/engines/Urho3D/Source/Urho3D/Core/Variant.h,7,15,22
/media/ullmann/hdd/research/engines/Urho3D/Source/ThirdParty/SDL/src/file/SDL_rwops.c,4,0,4
/media/ullmann/hdd/research/engines/Urho3D/Source/ThirdParty/SDL/src/core/windows/SDL_windows.h,0,46,46
/media/ullmann/hdd/research/engines/Urho3D/Source/ThirdParty/SDL/src/thread/windows/SDL_systhread_c.h,2,2,4
/media/ullmann/hdd/research/engines/Urho3D/Source/Urho3D/Physics2D/PhysicsWorld2D.cpp,15,0,15
/media/ullmann/hdd/research/engines/Urho3D/Source/Urho3D/Precompiled.h,4,302,306
/media/ullmann/hdd/research/engines/Urho3D/Source/ThirdParty/Assimp/code/ColladaParser.cpp,5,0,5
/media/ullmann/hdd/research/engines/Urho3D/Source/ThirdParty/Assimp/code/StringUtils.h,0,27,27
/media/ullmann/hdd/research/engines/Urho3D/Source/Urho3D/Audio/BufferedSoundStream.h,5,2,7
/media/ullmann/hdd/research/engines/Urho3D/Source/Urho3D/Container/List.h,1,6,7
/media/ullmann/hdd/research/engines/Urho3D/Source/ThirdParty/ik/include/ik/solver.h,5,0,5
/media/ullmann/hdd/research/engines/Urho3D/include/Urho3D/ThirdParty/ik/ordered_vector.h,1,21,22
/media/ullmann/hdd/research/engines/Urho3D/Source/ThirdParty/AngelScript/source/as_typeinfo.h,4,3,7
/media/ullmann/hdd/research/engines/Urho3D/Source/Urho3D/Database/ODBC/ODBCConnection.cpp,3,0,3
/media/ullmann/hdd/research/engines/Urho3D/Source/ThirdParty/SDL/src/joystick/dummy/SDL_sysjoystick.c,3,0,3
/media/ullmann/hdd/research/engines/Urho3D/Source/Urho3D/Navigation/NavigationMesh.cpp,24,0,24
/media/ullmann/hdd/research/engines/Urho3D/Source/Urho3D/Graphics/StaticModel.h,1,7,8
/media/ullmann/hdd/research/engines/Urho3D/script/build/include/Urho3D/UI/UIComponent.h,2,1,3
/media/ullmann/hdd/research/engines/Urho3D/script/build/include/Urho3D/UI/UIElement.h,5,7,12
/media/ullmann/hdd/research/engines/Urho3D/Source/ThirdParty/LuaJIT/src/lib_jit.c,23,1,24
/media/ullmann/hdd/research/engines/Urho3D/Source/ThirdParty/LuaJIT/src/lj_dispatch.h,3,16,19
/media/ullmann/hdd/research/engines/Urho3D/Source/ThirdParty/SLikeNet/Source/include/slikenet/DS_HuffmanEncodingTree.h,5,3,8
/media/ullmann/hdd/research/engines/Urho3D/Source/ThirdParty/SLikeNet/Source/include/slikenet/DS_HuffmanEncodingTreeNode.h,0,3,3
/media/ullmann/hdd/research/engines/Urho3D/Source/ThirdParty/SDL/src/video/windows/SDL_windowsframebuffer.c,2,0,2
/media/ullmann/hdd/research/engines/Urho3D/Source/ThirdParty/WebP/src/dsp/dec_neon.c,3,0,3
/media/ullmann/hdd/research/engines/Urho3D/Source/ThirdParty/WebP/src/dec/vp8i_dec.h,6,14,20
/media/ullmann/hdd/research/engines/Urho3D/script/build/include/Urho3D/ThirdParty/SDL/SDL_filesystem.h,3,1,4
/media/ullmann/hdd/research/engines/Urho3D/script/build/include/Urho3D/ThirdParty/SDL/close_code.h,0,42,42
/media/ullmann/hdd/research/engines/Urho3D/Source/ThirdParty/Assimp/code/ColladaExporter.cpp,6,0,6
/media/ullmann/hdd/research/engines/Urho3D/Source/ThirdParty/Assimp/code/XMLTools.h,0,1,1
/media/ullmann/hdd/research/engines/Urho3D/Source/Urho3D/Graphics/Model.h,6,7,13
/media/ullmann/hdd/research/engines/Urho3D/Source/ThirdParty/SDL/src/video/psp/SDL_pspmouse.c,3,0,3
/media/ullmann/hdd/research/engines/Urho3D/script/build/include/Urho3D/Input/InputConstants.h,2,4,6
/media/ullmann/hdd/research/engines/Urho3D/Source/ThirdParty/Assimp/code/ImporterRegistry.cpp,49,0,49
/media/ullmann/hdd/research/engines/Urho3D/Source/ThirdParty/Assimp/code/SMDLoader.h,2,2,4
/media/ullmann/hdd/research/engines/Urho3D/Source/ThirdParty/WebP/src/enc/picture_tools_enc.c,2,0,2
/media/ullmann/hdd/research/engines/Urho3D/Source/ThirdParty/WebP/src/dsp/yuv.h,2,15,17
/media/ullmann/hdd/research/engines/Urho3D/Source/ThirdParty/SLikeNet/Source/src/NatTypeDetectionCommon.cpp,4,0,4
/media/ullmann/hdd/research/engines/Urho3D/include/Urho3D/ThirdParty/slikenet/SocketDefines.h,0,9,9
/media/ullmann/hdd/research/engines/Urho3D/Source/ThirdParty/SDL/src/main/dummy/SDL_dummy_main.c,1,0,1
/media/ullmann/hdd/research/engines/Urho3D/Source/ThirdParty/SDL/src/audio/nacl/SDL_naclaudio.h,2,1,3
/media/ullmann/hdd/research/engines/Urho3D/Source/ThirdParty/FreeType/src/gzip/infutil.c,5,1,6
/media/ullmann/hdd/research/engines/Urho3D/Source/ThirdParty/FreeType/src/gzip/infutil.h,0,4,4
/media/ullmann/hdd/research/engines/Urho3D/script/build/include/Urho3D/Physics2D/CollisionShape2D.h,1,6,7
/media/ullmann/hdd/research/engines/Urho3D/script/build/include/Urho3D/Scene/Component.h,1,36,37
/media/ullmann/hdd/research/engines/Urho3D/Source/Urho3D/Graphics/Renderer.cpp,27,0,27
/media/ullmann/hdd/research/engines/Urho3D/Source/Urho3D/Graphics/OcclusionBuffer.h,5,8,13
/media/ullmann/hdd/research/engines/Urho3D/Source/ThirdParty/Assimp/code/glTFImporter.cpp,6,0,6
/media/ullmann/hdd/research/engines/Urho3D/script/build/include/Urho3D/Navigation/Navigable.h,1,1,2
/media/ullmann/hdd/research/engines/Urho3D/include/Urho3D/ThirdParty/SDL/SDL.h,31,0,31
/media/ullmann/hdd/research/engines/Urho3D/include/Urho3D/ThirdParty/SDL/SDL_log.h,3,1,4
/media/ullmann/hdd/research/engines/Urho3D/script/build/include/Urho3D/ThirdParty/rapidjson/schema.h,6,0,6
/media/ullmann/hdd/research/engines/Urho3D/script/build/include/Urho3D/ThirdParty/rapidjson/uri.h,1,2,3
/media/ullmann/hdd/research/engines/Urho3D/Source/ThirdParty/AngelScript/source/as_outputbuffer.h,3,2,5
/media/ullmann/hdd/research/engines/Urho3D/Source/ThirdParty/AngelScript/source/as_string.h,0,18,18
/media/ullmann/hdd/research/engines/Urho3D/Source/Urho3D/GraphicsAPI/Texture3D.cpp,13,0,13
/media/ullmann/hdd/research/engines/Urho3D/Source/ThirdParty/Lua/src/llimits.h,1,5,6
/media/ullmann/hdd/research/engines/Urho3D/Source/ThirdParty/Lua/src/lua.h,1,37,38
/media/ullmann/hdd/research/engines/Urho3D/include/Urho3D/Network/Network.h,4,2,6
/media/ullmann/hdd/research/engines/Urho3D/script/build/include/Urho3D/UI/Cursor.h,3,3,6
/media/ullmann/hdd/research/engines/Urho3D/script/build/include/Urho3D/GraphicsAPI/Texture.h,4,9,13
/media/ullmann/hdd/research/engines/Urho3D/Source/ThirdParty/Assimp/contrib/poly2tri/poly2tri/poly2tri.h,2,3,5
/media/ullmann/hdd/research/engines/Urho3D/Source/ThirdParty/SLikeNet/Source/TransportInterface.h,1,0,1
/media/ullmann/hdd/research/engines/Urho3D/Source/ThirdParty/SLikeNet/Source/include/slikenet/TransportInterface.h,3,4,7
/media/ullmann/hdd/research/engines/Urho3D/include/Urho3D/Urho2D/AnimationSet2D.h,2,1,3
/media/ullmann/hdd/research/engines/Urho3D/include/Urho3D/Resource/Resource.h,3,25,28
/media/ullmann/hdd/research/engines/Urho3D/Source/ThirdParty/Bullet/src/btBulletCollisionCommon.h,32,1,33
/media/ullmann/hdd/research/engines/Urho3D/Source/ThirdParty/Bullet/src/BulletCollision/CollisionShapes/btTriangleMeshShape.h,2,3,5
/media/ullmann/hdd/research/engines/Urho3D/Source/Urho3D/Graphics/View.cpp,29,0,29
/media/ullmann/hdd/research/engines/Urho3D/Source/Urho3D/Graphics/Skybox.h,1,4,5
/media/ullmann/hdd/research/engines/Urho3D/Source/Urho3D/Audio/SoundSource.cpp,12,0,12
/media/ullmann/hdd/research/engines/Urho3D/Source/Urho3D/Scene/ReplicationState.h,5,7,12
/media/ullmann/hdd/research/engines/Urho3D/Source/Samples/03_Sprites/Sprites.h,1,1,2
/media/ullmann/hdd/research/engines/Urho3D/Source/Samples/Sample.h,1,55,56
/media/ullmann/hdd/research/engines/Urho3D/Source/ThirdParty/FreeType/src/psnames/pspic.c,2,1,3
/media/ullmann/hdd/research/engines/Urho3D/Source/ThirdParty/FreeType/src/psnames/pspic.h,0,2,2
/media/ullmann/hdd/research/engines/Urho3D/include/Urho3D/ThirdParty/ik/solver_jacobian_inverse.h,1,1,2
/media/ullmann/hdd/research/engines/Urho3D/include/Urho3D/ThirdParty/ik/config.h,0,57,57
/media/ullmann/hdd/research/engines/Urho3D/Source/ThirdParty/SLikeNet/Source/include/slikenet/MessageFilter.h,6,2,8
/media/ullmann/hdd/research/engines/Urho3D/Source/ThirdParty/SLikeNet/Source/include/slikenet/PluginInterface2.h,4,30,34
/media/ullmann/hdd/research/engines/Urho3D/Source/ThirdParty/Assimp/code/OgreBinarySerializer.h,2,3,5
/media/ullmann/hdd/research/engines/Urho3D/Source/ThirdParty/Assimp/code/StreamReader.h,2,18,20
/media/ullmann/hdd/research/engines/Urho3D/Source/ThirdParty/LuaJIT/src/lj_ccallback.c,14,1,15
/media/ullmann/hdd/research/engines/Urho3D/Source/ThirdParty/LuaJIT/src/lj_cconv.h,2,10,12
/media/ullmann/hdd/research/engines/Urho3D/Source/ThirdParty/LuaJIT/src/lj_ir.c,17,1,18
/media/ullmann/hdd/research/engines/Urho3D/Source/ThirdParty/SLikeNet/Source/include/slikenet/DS_Queue.h,3,25,28
/media/ullmann/hdd/research/engines/Urho3D/Source/ThirdParty/SLikeNet/Source/include/slikenet/Export.h,1,82,83
/media/ullmann/hdd/research/engines/Urho3D/Source/ThirdParty/Bullet/src/BulletDynamics/Vehicle/btRaycastVehicle.h,2,2,4
/media/ullmann/hdd/research/engines/Urho3D/Source/ThirdParty/Bullet/src/BulletDynamics/Vehicle/btWheelInfo.h,0,3,3
/media/ullmann/hdd/research/engines/Urho3D/Source/Urho3D/Resource/Localization.cpp,7,0,7
/media/ullmann/hdd/research/engines/Urho3D/Source/Urho3D/Resource/Localization.h,2,5,7
/media/ullmann/hdd/research/engines/Urho3D/include/Urho3D/Scene/Serializable.h,2,2,4
/media/ullmann/hdd/research/engines/Urho3D/Source/ThirdParty/FreeType/src/gxvalid/gxvalid.c,22,0,22
/media/ullmann/hdd/research/engines/Urho3D/Source/ThirdParty/FreeType/src/gxvalid/gxvmorx.c,1,1,2
/media/ullmann/hdd/research/engines/Urho3D/Source/Urho3D/GraphicsAPI/TextureCube.cpp,13,0,13
/media/ullmann/hdd/research/engines/Urho3D/Source/Urho3D/Core/Profiler.h,4,83,87
/media/ullmann/hdd/research/engines/Urho3D/Source/ThirdParty/SDL/src/video/wayland/SDL_waylandvideo.c,11,0,11
/media/ullmann/hdd/research/engines/Urho3D/Source/ThirdParty/SDL/src/events/SDL_events_c.h,10,43,53
/media/ullmann/hdd/research/engines/Urho3D/Source/Urho3D/UI/Window.cpp,8,0,8
/media/ullmann/hdd/research/engines/Urho3D/Source/ThirdParty/SDL/include/SDL_messagebox.h,4,1,5
/media/ullmann/hdd/research/engines/Urho3D/Source/ThirdParty/SDL/include/SDL_stdinc.h,2,41,43
/media/ullmann/hdd/research/engines/Urho3D/Source/ThirdParty/SDL/src/core/linux/SDL_threadprio.c,2,0,2
/media/ullmann/hdd/research/engines/Urho3D/Source/ThirdParty/SLikeNet/Source/PacketizedTCP.h,1,0,1
/media/ullmann/hdd/research/engines/Urho3D/Source/ThirdParty/SLikeNet/Source/include/slikenet/PacketizedTCP.h,4,2,6
/media/ullmann/hdd/research/engines/Urho3D/Source/ThirdParty/SDL/src/haptic/linux/SDL_syshaptic.c,5,0,5
/media/ullmann/hdd/research/engines/Urho3D/Source/ThirdParty/SDL/src/haptic/SDL_syshaptic.h,1,9,10
/media/ullmann/hdd/research/engines/Urho3D/Source/ThirdParty/SLikeNet/Source/DS_BytePool.h,1,0,1
/media/ullmann/hdd/research/engines/Urho3D/Source/ThirdParty/SLikeNet/Source/include/slikenet/DS_BytePool.h,5,2,7
/media/ullmann/hdd/research/engines/Urho3D/script/build/include/Urho3D/ThirdParty/rapidjson/ostreamwrapper.h,1,0,1
/media/ullmann/hdd/research/engines/Urho3D/script/build/include/Urho3D/ThirdParty/rapidjson/stream.h,2,13,15
/media/ullmann/hdd/research/engines/Urho3D/Source/ThirdParty/SLikeNet/Source/src/PluginInterface2.cpp,4,0,4
/media/ullmann/hdd/research/engines/Urho3D/include/Urho3D/ThirdParty/slikenet/PluginInterface2.h,0,3,3
/media/ullmann/hdd/research/engines/Urho3D/Source/ThirdParty/LuaJIT/src/lj_opt_dce.c,4,1,5
/media/ullmann/hdd/research/engines/Urho3D/Source/ThirdParty/LuaJIT/src/lj_jit.h,2,32,34
/media/ullmann/hdd/research/engines/Urho3D/Source/ThirdParty/Assimp/code/TextureTransform.cpp,2,0,2
/media/ullmann/hdd/research/engines/Urho3D/Source/ThirdParty/Bullet/src/LinearMath/btVector3.h,3,12,15
/media/ullmann/hdd/research/engines/Urho3D/Source/ThirdParty/Bullet/src/LinearMath/btMinMax.h,1,6,7
/media/ullmann/hdd/research/engines/Urho3D/include/Urho3D/Graphics/Skeleton.h,2,5,7
/media/ullmann/hdd/research/engines/Urho3D/include/Urho3D/Math/BoundingBox.h,2,14,16
/media/ullmann/hdd/research/engines/Urho3D/Source/Urho3D/LuaScript/LuaFunction.cpp,8,0,8
/media/ullmann/hdd/research/engines/Urho3D/Source/Urho3D/LuaScript/LuaScriptInstance.h,2,4,6
/media/ullmann/hdd/research/engines/Urho3D/Source/Urho3D/Graphics/Technique.cpp,11,0,11
/media/ullmann/hdd/research/engines/Urho3D/Source/Urho3D/Core/ProcessUtils.h,1,18,19
/media/ullmann/hdd/research/engines/Urho3D/Source/ThirdParty/Tracy/libbacktrace/dwarf.cpp,4,1,5
/media/ullmann/hdd/research/engines/Urho3D/Source/ThirdParty/Tracy/libbacktrace/config.h,0,9,9
/media/ullmann/hdd/research/engines/Urho3D/Source/ThirdParty/Lua/src/lmem.c,6,0,6
/media/ullmann/hdd/research/engines/Urho3D/Source/ThirdParty/Lua/src/lstate.h,4,19,23
/media/ullmann/hdd/research/engines/Urho3D/Source/ThirdParty/SDL/src/audio/sun/SDL_sunaudio.h,2,1,3
/media/ullmann/hdd/research/engines/Urho3D/Source/Urho3D/UI/UISelectable.cpp,3,0,3
/media/ullmann/hdd/research/engines/Urho3D/Source/Urho3D/UI/UISelectable.h,2,3,5
/media/ullmann/hdd/research/engines/Urho3D/script/build/include/Urho3D/ThirdParty/ik/solver_FABRIK.h,3,0,3
/media/ullmann/hdd/research/engines/Urho3D/Source/ThirdParty/SLikeNet/Source/include/slikenet/HTTPConnection.h,6,2,8
/media/ullmann/hdd/research/engines/Urho3D/Source/Urho3D/Graphics/OctreeQuery.h,5,11,16
/media/ullmann/hdd/research/engines/Urho3D/Source/Urho3D/Math/Frustum.h,5,13,18
/media/ullmann/hdd/research/engines/Urho3D/Source/ThirdParty/SLikeNet/Source/include/slikenet/DS_WeightedGraph.h,7,3,10
/media/ullmann/hdd/research/engines/Urho3D/Source/ThirdParty/SLikeNet/Source/include/slikenet/DS_Tree.h,4,3,7
/media/ullmann/hdd/research/engines/Urho3D/Source/ThirdParty/SLikeNet/Source/include/slikenet/PacketLogger.h,4,6,10
/media/ullmann/hdd/research/engines/Urho3D/Source/ThirdParty/LuaJIT/src/lib_base.c,20,1,21
/media/ullmann/hdd/research/engines/Urho3D/Source/ThirdParty/LuaJIT/src/lj_lib.h,1,15,16
/media/ullmann/hdd/research/engines/Urho3D/Source/ThirdParty/Lua/src/lundump.c,9,0,9
/media/ullmann/hdd/research/engines/Urho3D/Source/ThirdParty/Lua/src/lfunc.h,1,10,11
/media/ullmann/hdd/research/engines/Urho3D/Source/ThirdParty/SLikeNet/Source/src/RakNetSocket2.cpp,17,0,17
/media/ullmann/hdd/research/engines/Urho3D/Source/ThirdParty/SLikeNet/Source/src/RakNetSocket2_NativeClient.cpp,1,1,2
/media/ullmann/hdd/research/engines/Urho3D/include/Urho3D/Resource/ResourceCache.h,4,2,6
/media/ullmann/hdd/research/engines/Urho3D/include/Urho3D/IO/File.h,3,4,7
/media/ullmann/hdd/research/engines/Urho3D/Source/ThirdParty/Bullet/src/BulletCollision/Gimpact/gim_box_set.h,5,1,6
/media/ullmann/hdd/research/engines/Urho3D/Source/ThirdParty/Bullet/src/BulletCollision/Gimpact/gim_box_collision.h,1,3,4
/media/ullmann/hdd/research/engines/Urho3D/Source/ThirdParty/SDL/src/video/windows/SDL_windowsvideo.h,12,14,26
/media/ullmann/hdd/research/engines/Urho3D/Source/ThirdParty/WebP/src/dsp/lossless_enc.c,6,0,6
/media/ullmann/hdd/research/engines/Urho3D/Source/ThirdParty/WebP/src/utils/endian_inl_utils.h,2,5,7
/media/ullmann/hdd/research/engines/Urho3D/Source/ThirdParty/Tracy/TracyClient.cpp,18,0,18
/media/ullmann/hdd/research/engines/Urho3D/Source/ThirdParty/Tracy/client/TracySysTrace.cpp,7,1,8
/media/ullmann/hdd/research/engines/Urho3D/Source/ThirdParty/WebP/src/dsp/enc_mips_dsp_r2.c,4,0,4
/media/ullmann/hdd/research/engines/Urho3D/Source/Urho3D/Scene/ObjectAnimation.cpp,9,0,9
/media/ullmann/hdd/research/engines/Urho3D/Source/ThirdParty/LZ4/lz4hc.c,3,0,3
/media/ullmann/hdd/research/engines/Urho3D/Source/ThirdParty/LZ4/lz4.c,1,1,2
/media/ullmann/hdd/research/engines/Urho3D/Source/ThirdParty/AngelScript/source/as_callfunc_sh4.cpp,6,0,6
/media/ullmann/hdd/research/engines/Urho3D/Source/ThirdParty/WebP/src/dsp/ssim_sse2.c,2,0,2
/media/ullmann/hdd/research/engines/Urho3D/Source/ThirdParty/WebP/src/dsp/dsp.h,1,76,77
/media/ullmann/hdd/research/engines/Urho3D/Source/Urho3D/Urho2D/ParticleEffect2D.cpp,9,0,9
/media/ullmann/hdd/research/engines/Urho3D/Source/Urho3D/Urho2D/Sprite2D.h,2,12,14
/media/ullmann/hdd/research/engines/Urho3D/Source/ThirdParty/SLikeNet/Source/slikenet/Base64Encoder.h,1,0,1
/media/ullmann/hdd/research/engines/Urho3D/Source/ThirdParty/SLikeNet/Source/include/slikenet/Base64Encoder.h,1,2,3
/media/ullmann/hdd/research/engines/Urho3D/Source/ThirdParty/SDL/src/video/wayland/SDL_waylandclipboard.c,3,0,3
/media/ullmann/hdd/research/engines/Urho3D/Source/ThirdParty/SDL/src/video/wayland/SDL_waylandevents_c.h,4,6,10
/media/ullmann/hdd/research/engines/Urho3D/Source/Urho3D/Physics2D/ConstraintPrismatic2D.cpp,6,0,6
/media/ullmann/hdd/research/engines/Urho3D/script/build/include/Urho3D/ThirdParty/SDL/SDL_vulkan.h,3,0,3
/media/ullmann/hdd/research/engines/Urho3D/script/build/include/Urho3D/ThirdParty/SDL/SDL_video.h,6,12,18
/media/ullmann/hdd/research/engines/Urho3D/Source/ThirdParty/AngelScript/source/as_context.cpp,10,0,10
/media/ullmann/hdd/research/engines/Urho3D/Source/ThirdParty/AngelScript/source/as_context.h,6,17,23
/media/ullmann/hdd/research/engines/Urho3D/Source/ThirdParty/LuaJIT/src/lj_cdata.c,7,1,8
/media/ullmann/hdd/research/engines/Urho3D/Source/ThirdParty/LuaJIT/src/lj_cdata.h,3,13,16
/media/ullmann/hdd/research/engines/Urho3D/Source/Urho3D/GraphicsAPI/Direct3D9/D3D9RenderSurface.cpp,8,0,8
/media/ullmann/hdd/research/engines/Urho3D/script/build/include/Urho3D/ThirdParty/SDL/SDL_main.h,3,1,4
/media/ullmann/hdd/research/engines/Urho3D/Source/Urho3D/UI/UIComponent.cpp,20,0,20
/media/ullmann/hdd/research/engines/Urho3D/Source/ThirdParty/Box2D/include/box2d/b2_distance.h,2,1,3
/media/ullmann/hdd/research/engines/Urho3D/Source/ThirdParty/Assimp/code/AssbinExporter.cpp,4,0,4
/media/ullmann/hdd/research/engines/Urho3D/Source/ThirdParty/Assimp/code/Exceptional.h,0,33,33
/media/ullmann/hdd/research/engines/Urho3D/Source/ThirdParty/SDL/src/libm/e_rem_pio2.c,2,0,2
/media/ullmann/hdd/research/engines/Urho3D/Source/ThirdParty/SDL/src/libm/math_libm.h,1,21,22
/media/ullmann/hdd/research/engines/Urho3D/Source/ThirdParty/AngelScript/source/as_callfunc.cpp,5,0,5
/media/ullmann/hdd/research/engines/Urho3D/Source/ThirdParty/AngelScript/source/as_callfunc.h,1,16,17
/media/ullmann/hdd/research/engines/Urho3D/Source/ThirdParty/Box2D/src/dynamics/b2_circle_contact.cpp,6,0,6
/media/ullmann/hdd/research/engines/Urho3D/include/Urho3D/ThirdParty/box2d/b2_world_callbacks.h,0,4,4
/media/ullmann/hdd/research/engines/Urho3D/Source/ThirdParty/SDL/include/SDL_error.h,3,19,22
/media/ullmann/hdd/research/engines/Urho3D/Source/Urho3D/Core/Timer.h,1,10,11
/media/ullmann/hdd/research/engines/Urho3D/Source/Urho3D/Graphics/Viewport.cpp,10,0,10
/media/ullmann/hdd/research/engines/Urho3D/Source/Urho3D/Graphics/RibbonTrail.cpp,13,0,13
/media/ullmann/hdd/research/engines/Urho3D/Source/ThirdParty/SLikeNet/Source/include/slikenet/CCRakNetUDT.h,5,4,9
/media/ullmann/hdd/research/engines/Urho3D/script/build/include/Urho3D/Graphics/Model.h,6,3,9
/media/ullmann/hdd/research/engines/Urho3D/script/build/include/Urho3D/Graphics/Skeleton.h,2,5,7
/media/ullmann/hdd/research/engines/Urho3D/Source/ThirdParty/LuaJIT/src/lj_meta.h,1,10,11
/media/ullmann/hdd/research/engines/Urho3D/Source/Urho3D/Physics2D/PhysicsUtils2D.h,3,19,22
/media/ullmann/hdd/research/engines/Urho3D/Source/Urho3D/Math/Vector3.h,2,18,20
/media/ullmann/hdd/research/engines/Urho3D/Source/Urho3D/Graphics/Model.cpp,14,0,14
/media/ullmann/hdd/research/engines/Urho3D/Source/Urho3D/Resource/XMLFile.h,2,46,48
/media/ullmann/hdd/research/engines/Urho3D/Source/Urho3D/Network/Connection.cpp,17,0,17
/media/ullmann/hdd/research/engines/Urho3D/Source/Urho3D/Scene/SceneEvents.h,1,29,30
/media/ullmann/hdd/research/engines/Urho3D/Source/Urho3D/Graphics/Terrain.cpp,18,0,18
/media/ullmann/hdd/research/engines/Urho3D/Source/ThirdParty/Assimp/code/MD2Loader.h,3,2,5
/media/ullmann/hdd/research/engines/Urho3D/Source/ThirdParty/Assimp/code/MD2FileData.h,0,3,3
/media/ullmann/hdd/research/engines/Urho3D/script/build/include/Urho3D/GraphicsAPI/GraphicsImpl.h,3,0,3
/media/ullmann/hdd/research/engines/Urho3D/script/build/include/Urho3D/GraphicsAPI/Direct3D11/D3D11GraphicsImpl.h,5,1,6
/media/ullmann/hdd/research/engines/Urho3D/include/Urho3D/Core/Variant.h,7,15,22
/media/ullmann/hdd/research/engines/Urho3D/include/Urho3D/Math/Rect.h,1,12,13
/media/ullmann/hdd/research/engines/Urho3D/Source/ThirdParty/WebP/src/enc/histogram_enc.h,3,6,9
/media/ullmann/hdd/research/engines/Urho3D/Source/ThirdParty/SDL/src/core/linux/SDL_ibus.c,5,0,5
/media/ullmann/hdd/research/engines/Urho3D/Source/ThirdParty/WebP/src/dsp/cpu.c,1,0,1
/media/ullmann/hdd/research/engines/Urho3D/Source/Urho3D/UI/Cursor.cpp,8,0,8
/media/ullmann/hdd/research/engines/Urho3D/include/Urho3D/GraphicsAPI/RenderSurface.h,2,5,7
/media/ullmann/hdd/research/engines/Urho3D/Source/Urho3D/Urho2D/SpriteSheet2D.cpp,13,0,13
/media/ullmann/hdd/research/engines/Urho3D/Source/Urho3D/Physics/CollisionShape.cpp,19,0,19
/media/ullmann/hdd/research/engines/Urho3D/script/build/include/Urho3D/IO/NamedPipe.h,3,2,5
/media/ullmann/hdd/research/engines/Urho3D/script/build/include/Urho3D/Core/Object.h,3,56,59
/media/ullmann/hdd/research/engines/Urho3D/Source/Urho3D/UI/UIElement.cpp,13,0,13
/media/ullmann/hdd/research/engines/Urho3D/Source/ThirdParty/SDL/src/render/software/SDL_blendline.c,4,0,4
/media/ullmann/hdd/research/engines/Urho3D/Source/ThirdParty/SDL/src/render/software/SDL_blendline.h,1,2,3
/media/ullmann/hdd/research/engines/Urho3D/Source/ThirdParty/SDL/src/thread/generic/SDL_sysmutex.c,2,0,2
/media/ullmann/hdd/research/engines/Urho3D/script/build/include/Urho3D/Math/Vector3.h,2,17,19
/media/ullmann/hdd/research/engines/Urho3D/script/build/include/Urho3D/Math/MathDefs.h,1,10,11
/media/ullmann/hdd/research/engines/Urho3D/Source/Samples/20_HugeObjectCount/HugeObjectCount.h,1,1,2
/media/ullmann/hdd/research/engines/Urho3D/script/build/include/Urho3D/Scene/SplinePath.h,9,1,10
/media/ullmann/hdd/research/engines/Urho3D/script/build/include/Urho3D/Core/Variant.h,7,15,22
/media/ullmann/hdd/research/engines/Urho3D/Source/ThirdParty/SLikeNet/Source/src/NatPunchthroughClient.cpp,8,0,8
/media/ullmann/hdd/research/engines/Urho3D/include/Urho3D/ThirdParty/slikenet/NatPunchthroughClient.h,0,1,1
/media/ullmann/hdd/research/engines/Urho3D/include/Urho3D/GraphicsAPI/OpenGL/OGLShaderProgram.h,5,1,6
/media/ullmann/hdd/research/engines/Urho3D/include/Urho3D/Container/HashMap.h,5,14,19
/media/ullmann/hdd/research/engines/Urho3D/Source/ThirdParty/FreeType/src/psaux/t1decode.c,3,1,4
/media/ullmann/hdd/research/engines/Urho3D/Source/ThirdParty/FreeType/src/psaux/t1decode.h,0,2,2
/media/ullmann/hdd/research/engines/Urho3D/Source/ThirdParty/Assimp/code/ObjFileParser.cpp,6,0,6
/media/ullmann/hdd/research/engines/Urho3D/Source/ThirdParty/Assimp/code/ObjFileParser.h,1,2,3
/media/ullmann/hdd/research/engines/Urho3D/Source/ThirdParty/SDL/src/video/uikit/SDL_uikitvulkan.h,3,0,3
/media/ullmann/hdd/research/engines/Urho3D/Source/ThirdParty/SDL/src/video/SDL_vulkan_internal.h,4,9,13
/media/ullmann/hdd/research/engines/Urho3D/Source/ThirdParty/Box2D/src/collision/b2_edge_shape.cpp,2,0,2
/media/ullmann/hdd/research/engines/Urho3D/include/Urho3D/ThirdParty/box2d/b2_edge_shape.h,0,8,8
/media/ullmann/hdd/research/engines/Urho3D/Source/ThirdParty/SDL/include/SDL_events.h,12,1,13
/media/ullmann/hdd/research/engines/Urho3D/Source/ThirdParty/SDL/include/SDL_gamecontroller.h,6,2,8
/media/ullmann/hdd/research/engines/Urho3D/Source/ThirdParty/Assimp/code/MD5Loader.h,2,3,5
/media/ullmann/hdd/research/engines/Urho3D/script/build/include/Urho3D/Scene/ValueAnimationInfo.h,4,3,7
/media/ullmann/hdd/research/engines/Urho3D/script/build/include/Urho3D/Container/Vector.h,1,9,10
/media/ullmann/hdd/research/engines/Urho3D/Source/ThirdParty/AngelScript/source/as_callfunc_arm64.cpp,6,0,6
/media/ullmann/hdd/research/engines/Urho3D/Source/ThirdParty/LuaJIT/src/lj_crecord.c,23,1,24
/media/ullmann/hdd/research/engines/Urho3D/Source/Urho3D/GraphicsAPI/VertexBuffer.cpp,5,0,5
/media/ullmann/hdd/research/engines/Urho3D/Source/ThirdParty/Assimp/code/ACLoader.cpp,6,0,6
/media/ullmann/hdd/research/engines/Urho3D/Source/ThirdParty/Assimp/code/Subdivision.h,0,3,3
/media/ullmann/hdd/research/engines/Urho3D/include/Urho3D/GraphicsAPI/GraphicsDefs.h,4,27,31
/media/ullmann/hdd/research/engines/Urho3D/include/Urho3D/Math/StringHash.h,2,8,10
/media/ullmann/hdd/research/engines/Urho3D/script/build/include/Urho3D/ThirdParty/SDL/SDL.h,31,0,31
/media/ullmann/hdd/research/engines/Urho3D/script/build/include/Urho3D/ThirdParty/SDL/SDL_clipboard.h,3,1,4
/media/ullmann/hdd/research/engines/Urho3D/Source/ThirdParty/Bullet/src/BulletCollision/BroadphaseCollision/btOverlappingPairCache.h,3,4,7
/media/ullmann/hdd/research/engines/Urho3D/Source/ThirdParty/Bullet/src/BulletCollision/BroadphaseCollision/btBroadphaseInterface.h,1,3,4
/media/ullmann/hdd/research/engines/Urho3D/Source/Urho3D/GraphicsAPI/Direct3D9/D3D9GraphicsImpl.h,3,10,13
/media/ullmann/hdd/research/engines/Urho3D/script/build/include/Urho3D/Resource/XMLFile.h,2,3,5
/media/ullmann/hdd/research/engines/Urho3D/include/Urho3D/GraphicsAPI/ConstantBuffer.h,4,4,8
/media/ullmann/hdd/research/engines/Urho3D/Source/Urho3D/IO/File.h,3,25,28
/media/ullmann/hdd/research/engines/Urho3D/Source/Urho3D/IO/AbstractFile.h,2,5,7
/media/ullmann/hdd/research/engines/Urho3D/Source/ThirdParty/Tracy/client/TracyProfiler.hpp,9,11,20
/media/ullmann/hdd/research/engines/Urho3D/Source/ThirdParty/Tracy/client/tracy_concurrentqueue.h,3,1,4
/media/ullmann/hdd/research/engines/Urho3D/script/build/include/Urho3D/IK/IKSolver.h,1,1,2
/media/ullmann/hdd/research/engines/Urho3D/script/build/include/Urho3D/Graphics/Animation.h,5,2,7
/media/ullmann/hdd/research/engines/Urho3D/Source/ThirdParty/SDL/src/video/x11/SDL_x11mouse.c,5,0,5
/media/ullmann/hdd/research/engines/Urho3D/Source/Urho3D/GraphicsAPI/Texture.cpp,9,0,9
/media/ullmann/hdd/research/engines/Urho3D/Source/ThirdParty/FreeType/src/type1/t1gload.c,2,1,3
/media/ullmann/hdd/research/engines/Urho3D/Source/ThirdParty/SLikeNet/Source/include/slikenet/ThreadPool.h,7,4,11
/media/ullmann/hdd/research/engines/Urho3D/Source/ThirdParty/SLikeNet/Source/include/slikenet/thread.h,2,7,9
/media/ullmann/hdd/research/engines/Urho3D/script/build/include/Urho3D/Physics2D/ConstraintFriction2D.h,1,1,2
/media/ullmann/hdd/research/engines/Urho3D/Source/ThirdParty/SDL/src/audio/SDL_audiodev_c.h,2,6,8
/media/ullmann/hdd/research/engines/Urho3D/Source/ThirdParty/FreeType/src/autofit/autofit.c,15,0,15
/media/ullmann/hdd/research/engines/Urho3D/Source/ThirdParty/FreeType/src/autofit/afshaper.c,5,1,6
/media/ullmann/hdd/research/engines/Urho3D/script/build/include/Urho3D/AngelScript/Addons.h,4,1,5
/media/ullmann/hdd/research/engines/Urho3D/include/Urho3D/Urho3D.h,0,43,43
/media/ullmann/hdd/research/engines/Urho3D/Source/ThirdParty/Assimp/code/OgreImporter.cpp,3,0,3
/media/ullmann/hdd/research/engines/Urho3D/Source/ThirdParty/Assimp/code/OgreXmlSerializer.h,2,3,5
/media/ullmann/hdd/research/engines/Urho3D/include/Urho3D/Graphics/DecalSet.h,4,1,5
/media/ullmann/hdd/research/engines/Urho3D/Source/ThirdParty/SLikeNet/Source/include/slikenet/NatTypeDetectionClient.h,9,2,11
/media/ullmann/hdd/research/engines/Urho3D/Source/ThirdParty/SLikeNet/Source/include/slikenet/types.h,7,45,52
/media/ullmann/hdd/research/engines/Urho3D/Source/ThirdParty/Assimp/code/MDCLoader.h,3,2,5
/media/ullmann/hdd/research/engines/Urho3D/Source/Urho3D/Graphics/Material.cpp,22,0,22
/media/ullmann/hdd/research/engines/Urho3D/Source/Urho3D/Resource/JSONFile.h,2,13,15
/media/ullmann/hdd/research/engines/Urho3D/script/build/include/Urho3D/IK/IKConstraint.h,1,1,2
/media/ullmann/hdd/research/engines/Urho3D/Source/ThirdParty/Assimp/include/assimp/types.h,13,13,26
/media/ullmann/hdd/research/engines/Urho3D/Source/ThirdParty/Assimp/include/assimp/defs.h,0,9,9
/media/ullmann/hdd/research/engines/Urho3D/Source/ThirdParty/SDL/src/render/software/SDL_render_sw.c,10,0,10
/media/ullmann/hdd/research/engines/Urho3D/Source/ThirdParty/SDL/src/render/SDL_sysrender.h,2,12,14
/media/ullmann/hdd/research/engines/Urho3D/Source/ThirdParty/SLikeNet/Source/src/SocketLayer.cpp,15,0,15
/media/ullmann/hdd/research/engines/Urho3D/include/Urho3D/ThirdParty/slikenet/osx_adapter.h,0,32,32
/media/ullmann/hdd/research/engines/Urho3D/Source/Urho3D/Navigation/NavBuildData.cpp,2,0,2
/media/ullmann/hdd/research/engines/Urho3D/Source/ThirdParty/SDL/src/video/khronos/vulkan/vk_layer.h,1,0,1
/media/ullmann/hdd/research/engines/Urho3D/Source/ThirdParty/SDL/src/video/khronos/vulkan/vulkan.h,12,3,15
/media/ullmann/hdd/research/engines/Urho3D/Source/Urho3D/UI/Font.cpp,13,0,13
/media/ullmann/hdd/research/engines/Urho3D/Source/Urho3D/UI/Font.h,2,11,13
/media/ullmann/hdd/research/engines/Urho3D/Source/ThirdParty/Assimp/code/StreamWriter.h,1,1,2
/media/ullmann/hdd/research/engines/Urho3D/Source/ThirdParty/Assimp/code/Version.cpp,1,0,1
/media/ullmann/hdd/research/engines/Urho3D/Source/ThirdParty/Assimp/code/ScenePrivate.h,0,6,6
/media/ullmann/hdd/research/engines/Urho3D/Source/ThirdParty/SDL/src/events/SDL_windowevents_c.h,1,8,9
/media/ullmann/hdd/research/engines/Urho3D/Source/ThirdParty/FreeType/src/cff/cf2arrst.c,4,1,5
/media/ullmann/hdd/research/engines/Urho3D/Source/ThirdParty/FreeType/src/cff/cf2error.h,1,9,10
/media/ullmann/hdd/research/engines/Urho3D/Source/ThirdParty/Tracy/common/tracy_lz4hc.cpp,2,0,2
/media/ullmann/hdd/research/engines/Urho3D/Source/ThirdParty/Tracy/common/tracy_lz4hc.hpp,1,1,2
/media/ullmann/hdd/research/engines/Urho3D/Source/Urho3D/Graphics/Drawable.h,3,19,22
/media/ullmann/hdd/research/engines/Urho3D/Source/Urho3D/Math/BoundingBox.h,2,15,17
/media/ullmann/hdd/research/engines/Urho3D/Source/ThirdParty/LuaJIT/src/lj_tab.c,4,1,5
/media/ullmann/hdd/research/engines/Urho3D/Source/ThirdParty/LuaJIT/src/lj_gc.h,1,40,41
/media/ullmann/hdd/research/engines/Urho3D/include/Urho3D/ThirdParty/SDL/SDL_render.h,5,2,7
/media/ullmann/hdd/research/engines/Urho3D/include/Urho3D/ThirdParty/SDL/SDL_stdinc.h,3,41,44
/media/ullmann/hdd/research/engines/Urho3D/Source/Urho3D/AngelScript/APITemplates.h,19,30,49
/media/ullmann/hdd/research/engines/Urho3D/Source/Urho3D/Urho2D/Drawable2D.h,3,7,10
/media/ullmann/hdd/research/engines/Urho3D/script/build/include/Urho3D/ThirdParty/ik/solver.h,5,0,5
/media/ullmann/hdd/research/engines/Urho3D/Source/ThirdParty/SLikeNet/Source/src/RelayPlugin.cpp,5,0,5
/media/ullmann/hdd/research/engines/Urho3D/Source/ThirdParty/SDL/src/video/android/SDL_androidmouse.h,1,3,4
/media/ullmann/hdd/research/engines/Urho3D/Source/ThirdParty/SDL/src/video/android/SDL_androidvideo.h,2,10,12
/media/ullmann/hdd/research/engines/Urho3D/Source/Urho3D/Graphics/Zone.cpp,10,0,10
/media/ullmann/hdd/research/engines/Urho3D/Source/Urho3D/Graphics/Zone.h,3,7,10
/media/ullmann/hdd/research/engines/Urho3D/Source/ThirdParty/SDL/src/video/emscripten/SDL_emscriptenvideo.h,3,5,8
/media/ullmann/hdd/research/engines/Urho3D/Source/ThirdParty/SDL/src/events/SDL_touch_c.h,2,12,14
/media/ullmann/hdd/research/engines/Urho3D/include/Urho3D/AngelScript/Manual.h,13,1,14
/media/ullmann/hdd/research/engines/Urho3D/Source/Samples/47_Typography/Typography.h,1,1,2
/media/ullmann/hdd/research/engines/Urho3D/Source/Urho3D/Scene/Animatable.cpp,11,0,11
/media/ullmann/hdd/research/engines/Urho3D/Source/Urho3D/Scene/Animatable.h,3,7,10
/media/ullmann/hdd/research/engines/Urho3D/Source/Urho3D/AngelScript/Manual.h,13,2,15
/media/ullmann/hdd/research/engines/Urho3D/Source/Urho3D/AngelScript/Manual_IO.h,3,2,5
/media/ullmann/hdd/research/engines/Urho3D/Source/ThirdParty/SDL/src/render/psp/SDL_render_psp.c,2,0,2
/media/ullmann/hdd/research/engines/Urho3D/Source/ThirdParty/Tracy/client/TracyScoped.hpp,4,2,6
/media/ullmann/hdd/research/engines/Urho3D/Source/Samples/46_RaycastVehicle/RaycastVehicleDemo.cpp,2,0,2
/media/ullmann/hdd/research/engines/Urho3D/Source/Samples/46_RaycastVehicle/Vehicle.h,0,2,2
/media/ullmann/hdd/research/engines/Urho3D/include/Urho3D/Graphics/RenderPath.h,5,2,7
/media/ullmann/hdd/research/engines/Urho3D/include/Urho3D/Container/RefCounted.h,1,13,14
/media/ullmann/hdd/research/engines/Urho3D/script/build/include/Urho3D/GraphicsAPI/Shader.h,2,1,3
/media/ullmann/hdd/research/engines/Urho3D/include/Urho3D/Resource/BackgroundLoader.h,7,1,8
/media/ullmann/hdd/research/engines/Urho3D/Source/ThirdParty/SDL/src/audio/psp/SDL_pspaudio.c,5,0,5
/media/ullmann/hdd/research/engines/Urho3D/Source/ThirdParty/SDL/src/audio/SDL_audio_c.h,1,30,31
/media/ullmann/hdd/research/engines/Urho3D/Source/ThirdParty/SDL/src/video/windows/SDL_windowswindow.c,8,0,8
/media/ullmann/hdd/research/engines/Urho3D/script/build/include/Urho3D/GraphicsAPI/ShaderVariation.h,5,5,10
/media/ullmann/hdd/research/engines/Urho3D/Source/ThirdParty/LuaJIT/src/ljamalg.c,67,0,67
/media/ullmann/hdd/research/engines/Urho3D/Source/ThirdParty/LuaJIT/src/lj_clib.c,11,1,12
/media/ullmann/hdd/research/engines/Urho3D/script/build/include/Urho3D/Graphics/Batch.h,6,3,9
/media/ullmann/hdd/research/engines/Urho3D/script/build/include/Urho3D/Graphics/Drawable.h,3,17,20
/media/ullmann/hdd/research/engines/Urho3D/Source/ThirdParty/LuaJIT/src/lj_opt_loop.c,9,1,10
/media/ullmann/hdd/research/engines/Urho3D/Source/ThirdParty/LuaJIT/src/lj_trace.h,4,22,26
/media/ullmann/hdd/research/engines/Urho3D/Source/ThirdParty/SDL/src/joystick/windows/SDL_windowsjoystick.c,9,0,9
/media/ullmann/hdd/research/engines/Urho3D/Source/ThirdParty/SDL/src/joystick/windows/SDL_windowsjoystick_c.h,4,6,10
/media/ullmann/hdd/research/engines/Urho3D/Source/ThirdParty/SLikeNet/Source/include/slikenet/DirectoryDeltaTransfer.h,7,2,9
/media/ullmann/hdd/research/engines/Urho3D/include/Urho3D/ThirdParty/SDL/SDL_thread.h,6,2,8
/media/ullmann/hdd/research/engines/Urho3D/include/Urho3D/ThirdParty/SDL/SDL_atomic.h,4,2,6
/media/ullmann/hdd/research/engines/Urho3D/Source/ThirdParty/Lua/src/lbaselib.c,3,0,3
/media/ullmann/hdd/research/engines/Urho3D/Source/ThirdParty/Lua/src/lualib.h,1,10,11
/media/ullmann/hdd/research/engines/Urho3D/include/Urho3D/ThirdParty/SDL/SDL_gesture.h,6,1,7
/media/ullmann/hdd/research/engines/Urho3D/include/Urho3D/ThirdParty/SDL/begin_code.h,0,42,42
/media/ullmann/hdd/research/engines/Urho3D/Source/ThirdParty/LuaJIT/src/lib_ffi.c,20,1,21
/media/ullmann/hdd/research/engines/Urho3D/Source/ThirdParty/LuaJIT/src/lj_ccall.h,2,4,6
/media/ullmann/hdd/research/engines/Urho3D/Source/Urho3D/Container/ArrayPtr.h,2,30,32
/media/ullmann/hdd/research/engines/Urho3D/script/build/include/Urho3D/Physics/CollisionShape.h,4,2,6
/media/ullmann/hdd/research/engines/Urho3D/include/Urho3D/Urho2D/TileMapLayer2D.h,2,1,3
/media/ullmann/hdd/research/engines/Urho3D/include/Urho3D/Scene/Component.h,1,36,37
/media/ullmann/hdd/research/engines/Urho3D/script/build/include/Urho3D/Urho2D/SpriterInstance2D.h,1,0,1
/media/ullmann/hdd/research/engines/Urho3D/script/build/include/Urho3D/Urho2D/SpriterData2D.h,0,1,1
/media/ullmann/hdd/research/engines/Urho3D/Source/ThirdParty/SDL/src/video/x11/SDL_x11opengl.c,3,0,3
/media/ullmann/hdd/research/engines/Urho3D/Source/ThirdParty/SDL/src/video/x11/SDL_x11video.h,13,16,29
/media/ullmann/hdd/research/engines/Urho3D/include/Urho3D/Scene/SmoothedTransform.h,1,1,2
/media/ullmann/hdd/research/engines/Urho3D/Source/ThirdParty/FreeType/src/type42/type42.c,3,0,3
/media/ullmann/hdd/research/engines/Urho3D/Source/ThirdParty/FreeType/src/type42/t42drivr.c,3,1,4
/media/ullmann/hdd/research/engines/Urho3D/Source/ThirdParty/Assimp/code/irrXMLWrapper.h,2,9,11
/media/ullmann/hdd/research/engines/Urho3D/Source/Urho3D/Urho2D/Drawable2D.cpp,9,0,9
/media/ullmann/hdd/research/engines/Urho3D/Source/Urho3D/Graphics/Camera.h,4,31,35
/media/ullmann/hdd/research/engines/Urho3D/Source/ThirdParty/SLikeNet/Source/include/slikenet/NatPunchthroughServer.h,8,2,10
/media/ullmann/hdd/research/engines/Urho3D/Source/ThirdParty/SLikeNet/Source/include/slikenet/SocketIncludes.h,0,11,11
/media/ullmann/hdd/research/engines/Urho3D/Source/ThirdParty/LuaJIT/src/luajit.h,1,6,7
/media/ullmann/hdd/research/engines/Urho3D/Source/ThirdParty/LuaJIT/src/lua.h,1,23,24
/media/ullmann/hdd/research/engines/Urho3D/Source/ThirdParty/LibCpuId/src/cpuid_main.c,6,0,6
/media/ullmann/hdd/research/engines/Urho3D/Source/ThirdParty/LibCpuId/src/libcpuid_internal.h,0,4,4
/media/ullmann/hdd/research/engines/Urho3D/Source/ThirdParty/FreeType/src/psnames/psnames.c,2,0,2
/media/ullmann/hdd/research/engines/Urho3D/Source/ThirdParty/LuaJIT/src/lj_profile.c,9,1,10
/media/ullmann/hdd/research/engines/Urho3D/Source/ThirdParty/LuaJIT/src/lj_debug.h,1,12,13
/media/ullmann/hdd/research/engines/Urho3D/Source/ThirdParty/Lua/src/lvm.c,12,0,12
/media/ullmann/hdd/research/engines/Urho3D/Source/ThirdParty/Lua/src/ltm.h,1,9,10
/media/ullmann/hdd/research/engines/Urho3D/Source/Urho3D/Scene/Node.h,3,29,32
/media/ullmann/hdd/research/engines/Urho3D/script/build/include/Urho3D/Scene/Serializable.h,2,2,4
/media/ullmann/hdd/research/engines/Urho3D/Source/Urho3D/Urho2D/AnimatedSprite2D.cpp,11,0,11
/media/ullmann/hdd/research/engines/Urho3D/Source/Urho3D/Urho2D/SpriterInstance2D.h,1,2,3
/media/ullmann/hdd/research/engines/Urho3D/Source/ThirdParty/Assimp/code/SmoothingGroups.h,1,1,2
/media/ullmann/hdd/research/engines/Urho3D/Source/ThirdParty/Assimp/code/SmoothingGroups.inl,0,1,1
/media/ullmann/hdd/research/engines/Urho3D/Source/ThirdParty/SLikeNet/Source/include/slikenet/UDPForwarder.h,12,4,16
/media/ullmann/hdd/research/engines/Urho3D/Source/ThirdParty/SLikeNet/Source/include/slikenet/string.h,4,29,33
/media/ullmann/hdd/research/engines/Urho3D/Source/ThirdParty/FreeType/src/autofit/afmodule.c,5,1,6
/media/ullmann/hdd/research/engines/Urho3D/Source/ThirdParty/FreeType/src/autofit/afglobal.h,5,9,14
/media/ullmann/hdd/research/engines/Urho3D/Source/ThirdParty/Assimp/code/NFFLoader.cpp,6,0,6
/media/ullmann/hdd/research/engines/Urho3D/Source/Urho3D/GraphicsAPI/ShaderVariation.cpp,5,0,5
/media/ullmann/hdd/research/engines/Urho3D/script/build/include/Urho3D/Graphics/OctreeQuery.h,5,2,7
/media/ullmann/hdd/research/engines/Urho3D/script/build/include/Urho3D/Math/BoundingBox.h,2,14,16
/media/ullmann/hdd/research/engines/Urho3D/Source/ThirdParty/Bullet/src/BulletCollision/BroadphaseCollision/btBroadphaseProxy.cpp,1,0,1
/media/ullmann/hdd/research/engines/Urho3D/Source/ThirdParty/Bullet/src/BulletCollision/BroadphaseCollision/btBroadphaseProxy.h,0,5,5
/media/ullmann/hdd/research/engines/Urho3D/Source/ThirdParty/SLikeNet/Source/src/HTTPConnection.cpp,6,0,6
/media/ullmann/hdd/research/engines/Urho3D/include/Urho3D/ThirdParty/slikenet/sleep.h,0,12,12
/media/ullmann/hdd/research/engines/Urho3D/Source/Urho3D/Graphics/AnimationController.cpp,14,0,14
/media/ullmann/hdd/research/engines/Urho3D/Source/ThirdParty/rapidjson/include/rapidjson/stringbuffer.h,2,2,4
/media/ullmann/hdd/research/engines/Urho3D/Source/ThirdParty/rapidjson/include/rapidjson/stream.h,2,13,15
/media/ullmann/hdd/research/engines/Urho3D/Source/Urho3D/AngelScript/SceneAPI.cpp,9,0,9
/media/ullmann/hdd/research/engines/Urho3D/include/Urho3D/Graphics/Material.h,5,4,9
/media/ullmann/hdd/research/engines/Urho3D/include/Urho3D/Math/Vector4.h,1,7,8
/media/ullmann/hdd/research/engines/Urho3D/Source/ThirdParty/AngelScript/source/as_memory.h,3,4,7
/media/ullmann/hdd/research/engines/Urho3D/Source/ThirdParty/AngelScript/source/as_array.h,0,17,17
/media/ullmann/hdd/research/engines/Urho3D/Source/ThirdParty/Bullet/src/LinearMath/btHashMap.h,1,1,2
/media/ullmann/hdd/research/engines/Urho3D/Source/ThirdParty/SLikeNet/Source/include/slikenet/TwoWayAuthentication.h,8,2,10
/media/ullmann/hdd/research/engines/Urho3D/Source/ThirdParty/FreeType/src/gxvalid/gxvmorx1.c,1,1,2
/media/ullmann/hdd/research/engines/Urho3D/Source/ThirdParty/FreeType/src/gxvalid/gxvmorx.h,3,6,9
/media/ullmann/hdd/research/engines/Urho3D/include/Urho3D/ThirdParty/rapidjson/document.h,5,2,7
/media/ullmann/hdd/research/engines/Urho3D/include/Urho3D/ThirdParty/rapidjson/encodedstream.h,2,2,4
/media/ullmann/hdd/research/engines/Urho3D/Source/ThirdParty/SDL/src/audio/pulseaudio/SDL_pulseaudio.h,2,1,3
/media/ullmann/hdd/research/engines/Urho3D/Source/ThirdParty/SLikeNet/Source/src/PacketFileLogger.cpp,6,0,6
/media/ullmann/hdd/research/engines/Urho3D/Source/Urho3D/GraphicsAPI/OpenGL/OGLTexture2DArray.cpp,13,0,13
/media/ullmann/hdd/research/engines/Urho3D/Source/Urho3D/Resource/ResourceCache.h,4,92,96
/media/ullmann/hdd/research/engines/Urho3D/Source/ThirdParty/SLikeNet/Source/include/slikenet/FormatString.h,1,2,3
/media/ullmann/hdd/research/engines/Urho3D/Source/Urho3D/LuaScript/LuaFile.cpp,9,0,9
/media/ullmann/hdd/research/engines/Urho3D/Source/Urho3D/LuaScript/LuaFile.h,2,3,5
/media/ullmann/hdd/research/engines/Urho3D/Source/ThirdParty/WebP/src/webp/decode.h,1,7,8
/media/ullmann/hdd/research/engines/Urho3D/Source/ThirdParty/Assimp/contrib/Open3DGC/o3dgcDynamicVectorDecoder.cpp,2,0,2
/media/ullmann/hdd/research/engines/Urho3D/Source/ThirdParty/Assimp/contrib/Open3DGC/o3dgcDynamicVectorDecoder.h,4,1,5
/media/ullmann/hdd/research/engines/Urho3D/Source/ThirdParty/SLikeNet/Source/slikenet/LocklessTypes.h,1,0,1
/media/ullmann/hdd/research/engines/Urho3D/Source/ThirdParty/SLikeNet/Source/include/slikenet/LocklessTypes.h,4,6,10
/media/ullmann/hdd/research/engines/Urho3D/Source/Urho3D/Audio/SoundSource.h,2,4,6
/media/ullmann/hdd/research/engines/Urho3D/Source/ThirdParty/SLikeNet/Source/src/RandSync.cpp,2,0,2
/media/ullmann/hdd/research/engines/Urho3D/include/Urho3D/ThirdParty/slikenet/RandSync.h,0,1,1
/media/ullmann/hdd/research/engines/Urho3D/Source/Urho3D/Math/BoundingBox.cpp,4,0,4
/media/ullmann/hdd/research/engines/Urho3D/Source/ThirdParty/Bullet/src/BulletCollision/CollisionShapes/btScaledBvhTriangleMeshShape.h,0,2,2
/media/ullmann/hdd/research/engines/Urho3D/Source/ThirdParty/Lua/src/lzio.h,2,9,11
/media/ullmann/hdd/research/engines/Urho3D/Source/ThirdParty/FreeType/src/type42/t42objs.c,3,1,4
/media/ullmann/hdd/research/engines/Urho3D/Source/ThirdParty/FreeType/src/type42/t42objs.h,1,3,4
/media/ullmann/hdd/research/engines/Urho3D/include/Urho3D/Graphics/StaticModel.h,1,5,6
/media/ullmann/hdd/research/engines/Urho3D/include/Urho3D/Graphics/Drawable.h,3,17,20
/media/ullmann/hdd/research/engines/Urho3D/Source/ThirdParty/Assimp/code/FBXImporter.h,3,10,13
/media/ullmann/hdd/research/engines/Urho3D/Source/ThirdParty/Assimp/code/LogAux.h,2,8,10
/media/ullmann/hdd/research/engines/Urho3D/Source/ThirdParty/SDL/src/video/haiku/SDL_bclipboard.cc,3,0,3
/media/ullmann/hdd/research/engines/Urho3D/Source/Urho3D/Navigation/DynamicNavigationMesh.cpp,16,0,16
/media/ullmann/hdd/research/engines/Urho3D/Source/Urho3D/Scene/SmoothedTransform.h,1,7,8
/media/ullmann/hdd/research/engines/Urho3D/Source/Urho3D/Scene/Component.h,1,41,42
/media/ullmann/hdd/research/engines/Urho3D/Source/Urho3D/Engine/Application.h,3,1,4
/media/ullmann/hdd/research/engines/Urho3D/Source/Urho3D/Engine/Engine.h,2,6,8
/media/ullmann/hdd/research/engines/Urho3D/include/Urho3D/Graphics/Batch.h,6,3,9
/media/ullmann/hdd/research/engines/Urho3D/Source/ThirdParty/SDL/include/SDL_touch.h,5,3,8
/media/ullmann/hdd/research/engines/Urho3D/Source/ThirdParty/LuaJIT/src/lib_string.c,16,1,17
/media/ullmann/hdd/research/engines/Urho3D/Source/ThirdParty/LuaJIT/src/lualib.h,1,16,17
/media/ullmann/hdd/research/engines/Urho3D/Source/Urho3D/Graphics/AnimatedModel.cpp,21,0,21
/media/ullmann/hdd/research/engines/Urho3D/Source/ThirdParty/Lua/src/ldump.c,4,0,4
/media/ullmann/hdd/research/engines/Urho3D/Source/Urho3D/Resource/Decompress.cpp,2,0,2
/media/ullmann/hdd/research/engines/Urho3D/Source/Urho3D/Resource/Decompress.h,1,3,4
/media/ullmann/hdd/research/engines/Urho3D/Source/ThirdParty/SDL/src/core/winrt/SDL_winrtapp_common.cpp,3,0,3
/media/ullmann/hdd/research/engines/Urho3D/Source/ThirdParty/SDL/src/core/winrt/SDL_winrtapp_xaml.h,0,4,4
/media/ullmann/hdd/research/engines/Urho3D/Source/ThirdParty/SDL/include/SDL_gesture.h,6,1,7
/media/ullmann/hdd/research/engines/Urho3D/Source/ThirdParty/Assimp/code/FBXMeshGeometry.cpp,5,0,5
/media/ullmann/hdd/research/engines/Urho3D/Source/ThirdParty/Assimp/code/FBXImportSettings.h,0,4,4
/media/ullmann/hdd/research/engines/Urho3D/Source/Urho3D/Graphics/Material.h,5,30,35
/media/ullmann/hdd/research/engines/Urho3D/Source/ThirdParty/SLikeNet/Source/AutopatcherPatchContext.h,1,0,1
/media/ullmann/hdd/research/engines/Urho3D/Source/ThirdParty/SLikeNet/Source/include/slikenet/AutopatcherPatchContext.h,0,2,2
/media/ullmann/hdd/research/engines/Urho3D/include/Urho3D/Navigation/OffMeshConnection.h,1,1,2
/media/ullmann/hdd/research/engines/Urho3D/Source/ThirdParty/Assimp/code/PostStepRegistry.cpp,25,0,25
/media/ullmann/hdd/research/engines/Urho3D/Source/ThirdParty/Assimp/code/LimitBoneWeightsProcess.h,1,2,3
/media/ullmann/hdd/research/engines/Urho3D/Source/Urho3D/Resource/Resource.h,3,26,29
/media/ullmann/hdd/research/engines/Urho3D/Source/ThirdParty/Assimp/code/OgreStructs.h,1,4,5
/media/ullmann/hdd/research/engines/Urho3D/Source/ThirdParty/Assimp/code/MemoryIOWrapper.h,0,8,8
/media/ullmann/hdd/research/engines/Urho3D/script/build/include/Urho3D/Graphics/BillboardSet.h,5,2,7
/media/ullmann/hdd/research/engines/Urho3D/script/build/include/Urho3D/Scene/Animatable.h,3,5,8
/media/ullmann/hdd/research/engines/Urho3D/Source/Urho3D/IO/PackageFile.h,1,11,12
/media/ullmann/hdd/research/engines/Urho3D/include/Urho3D/Engine/Console.h,1,1,2
/media/ullmann/hdd/research/engines/Urho3D/include/Urho3D/Core/Main.h,2,1,3
/media/ullmann/hdd/research/engines/Urho3D/Source/ThirdParty/Bullet/src/BulletDynamics/ConstraintSolver/btContactConstraint.h,2,1,3
/media/ullmann/hdd/research/engines/Urho3D/Source/ThirdParty/Bullet/src/BulletDynamics/ConstraintSolver/btJacobianEntry.h,0,10,10
/media/ullmann/hdd/research/engines/Urho3D/Source/ThirdParty/Bullet/src/BulletCollision/CollisionShapes/btBoxShape.h,2,4,6
/media/ullmann/hdd/research/engines/Urho3D/Source/ThirdParty/Bullet/src/BulletCollision/CollisionShapes/btCollisionMargin.h,0,4,4
/media/ullmann/hdd/research/engines/Urho3D/Source/Urho3D/Resource/Image.cpp,8,0,8
/media/ullmann/hdd/research/engines/Urho3D/Source/ThirdParty/SDL/include/begin_code.h,0,42,42
/media/ullmann/hdd/research/engines/Urho3D/Source/Urho3D/GraphicsAPI/ShaderPrecache.h,3,6,9
/media/ullmann/hdd/research/engines/Urho3D/Source/Urho3D/Core/Object.h,3,56,59
/media/ullmann/hdd/research/engines/Urho3D/Source/ThirdParty/SDL/include/SDL_log.h,3,2,5
/media/ullmann/hdd/research/engines/Urho3D/include/Urho3D/UI/ScrollView.h,1,2,3
/media/ullmann/hdd/research/engines/Urho3D/Source/ThirdParty/SDL/src/video/winrt/SDL_winrtpointerinput.cpp,8,0,8
/media/ullmann/hdd/research/engines/Urho3D/Source/ThirdParty/SDL/src/video/winrt/SDL_winrtevents_c.h,1,7,8
/media/ullmann/hdd/research/engines/Urho3D/Source/ThirdParty/FreeType/src/truetype/ttobjs.c,5,1,6
/media/ullmann/hdd/research/engines/Urho3D/Source/ThirdParty/FreeType/src/truetype/ttgload.h,2,3,5
/media/ullmann/hdd/research/engines/Urho3D/Source/Urho3D/Resource/BackgroundLoader.cpp,8,0,8
/media/ullmann/hdd/research/engines/Urho3D/Source/Urho3D/Resource/BackgroundLoader.h,7,3,10
/media/ullmann/hdd/research/engines/Urho3D/Source/ThirdParty/Assimp/code/ASEParser.cpp,3,0,3
/media/ullmann/hdd/research/engines/Urho3D/Source/ThirdParty/Assimp/code/TextureTransform.h,2,4,6
/media/ullmann/hdd/research/engines/Urho3D/Source/Urho3D/Core/Main.h,2,1,3
/media/ullmann/hdd/research/engines/Urho3D/Source/Urho3D/Core/MiniDump.h,1,2,3
/media/ullmann/hdd/research/engines/Urho3D/Source/ThirdParty/SDL/src/video/wayland/SDL_waylandevents.c,9,0,9
/media/ullmann/hdd/research/engines/Urho3D/Source/ThirdParty/SDL/src/video/wayland/SDL_waylandwindow.h,4,7,11
/media/ullmann/hdd/research/engines/Urho3D/script/build/include/Urho3D/ThirdParty/SDL/SDL_messagebox.h,4,1,5
/media/ullmann/hdd/research/engines/Urho3D/Source/ThirdParty/WebP/src/enc/vp8i_enc.h,6,26,32
/media/ullmann/hdd/research/engines/Urho3D/Source/ThirdParty/WebP/src/utils/thread_utils.h,1,3,4
/media/ullmann/hdd/research/engines/Urho3D/Source/ThirdParty/Assimp/code/glTF2Importer.h,1,2,3
/media/ullmann/hdd/research/engines/Urho3D/Source/Urho3D/Audio/AudioDefs.h,1,3,4
/media/ullmann/hdd/research/engines/Urho3D/Source/ThirdParty/Bullet/src/BulletCollision/CollisionShapes/btSphereShape.cpp,1,0,1
/media/ullmann/hdd/research/engines/Urho3D/Source/ThirdParty/Bullet/src/BulletCollision/CollisionShapes/btSphereShape.h,1,3,4
/media/ullmann/hdd/research/engines/Urho3D/Source/ThirdParty/Box2D/src/dynamics/b2_island.cpp,10,0,10
/media/ullmann/hdd/research/engines/Urho3D/include/Urho3D/ThirdParty/box2d/b2_timer.h,0,4,4
/media/ullmann/hdd/research/engines/Urho3D/Source/Urho3D/Math/Quaternion.cpp,3,0,3
/media/ullmann/hdd/research/engines/Urho3D/Source/ThirdParty/FreeType/src/autofit/afscript.h,0,6,6
/media/ullmann/hdd/research/engines/Urho3D/Source/Urho3D/AngelScript/Generated_Members.h,3,3,6
/media/ullmann/hdd/research/engines/Urho3D/Source/ThirdParty/SDL/src/core/linux/SDL_evdev_kbd.c,5,0,5
/media/ullmann/hdd/research/engines/Urho3D/include/Urho3D/Scene/ReplicationState.h,5,2,7
/media/ullmann/hdd/research/engines/Urho3D/include/Urho3D/Graphics/Renderer.h,6,2,8
/media/ullmann/hdd/research/engines/Urho3D/include/Urho3D/Container/HashSet.h,3,20,23
/media/ullmann/hdd/research/engines/Urho3D/Source/ThirdParty/SDL/src/timer/windows/SDL_systimer.c,2,0,2
/media/ullmann/hdd/research/engines/Urho3D/Source/ThirdParty/ik/include/ik/constraint.h,1,0,1
/media/ullmann/hdd/research/engines/Urho3D/Source/Urho3D/Urho2D/ParticleEffect2D.h,2,4,6
/media/ullmann/hdd/research/engines/Urho3D/Source/ThirdParty/SLikeNet/Source/include/slikenet/NatTypeDetectionServer.h,9,2,11
/media/ullmann/hdd/research/engines/Urho3D/Source/ThirdParty/SLikeNet/Source/include/slikenet/NatTypeDetectionCommon.h,4,4,8
/media/ullmann/hdd/research/engines/Urho3D/Source/ThirdParty/SLikeNet/Source/slikenet/IncrementalReadInterface.h,1,0,1
/media/ullmann/hdd/research/engines/Urho3D/Source/ThirdParty/SLikeNet/Source/include/slikenet/IncrementalReadInterface.h,2,3,5
/media/ullmann/hdd/research/engines/Urho3D/Source/ThirdParty/FreeType/src/cff/cf2ft.h,3,13,16
/media/ullmann/hdd/research/engines/Urho3D/Source/ThirdParty/FreeType/src/cff/cf2glue.h,4,8,12
/media/ullmann/hdd/research/engines/Urho3D/Source/Urho3D/GraphicsAPI/Direct3D11/D3D11VertexDeclaration.cpp,8,0,8
/media/ullmann/hdd/research/engines/Urho3D/Source/Urho3D/GraphicsAPI/ShaderVariation.h,5,19,24
/media/ullmann/hdd/research/engines/Urho3D/Source/ThirdParty/LuaJIT/src/lj_udata.h,1,4,5
/media/ullmann/hdd/research/engines/Urho3D/Source/ThirdParty/SLikeNet/Source/src/TCPInterface.cpp,12,0,12
/media/ullmann/hdd/research/engines/Urho3D/include/Urho3D/ThirdParty/slikenet/StringTable.h,0,3,3
/media/ullmann/hdd/research/engines/Urho3D/Source/ThirdParty/Assimp/code/CalcTangentsProcess.h,1,2,3
/media/ullmann/hdd/research/engines/Urho3D/Source/Urho3D/Scene/SplinePath.h,9,4,13
/media/ullmann/hdd/research/engines/Urho3D/Source/ThirdParty/SDL/src/video/qnx/video.c,3,0,3
/media/ullmann/hdd/research/engines/Urho3D/Source/ThirdParty/Assimp/code/FBXParser.h,4,13,17
/media/ullmann/hdd/research/engines/Urho3D/Source/ThirdParty/SDL/include/SDL_haptic.h,5,1,6
/media/ullmann/hdd/research/engines/Urho3D/Source/ThirdParty/Assimp/code/SortByPTypeProcess.h,1,2,3
/media/ullmann/hdd/research/engines/Urho3D/Source/Urho3D/Graphics/Light.cpp,14,0,14
/media/ullmann/hdd/research/engines/Urho3D/Source/ThirdParty/FreeType/src/autofit/afindic.c,6,1,7
/media/ullmann/hdd/research/engines/Urho3D/Source/ThirdParty/FreeType/src/autofit/afcjk.h,2,3,5
/media/ullmann/hdd/research/engines/Urho3D/Source/ThirdParty/Assimp/code/FIReader.cpp,7,0,7
/media/ullmann/hdd/research/engines/Urho3D/Source/ThirdParty/Assimp/code/FIReader.hpp,0,4,4
/media/ullmann/hdd/research/engines/Urho3D/Source/ThirdParty/LuaJIT/src/lj_err.c,12,1,13
/media/ullmann/hdd/research/engines/Urho3D/Source/ThirdParty/LuaJIT/src/lj_state.h,1,19,20
/media/ullmann/hdd/research/engines/Urho3D/Source/Urho3D/Physics/PhysicsWorld.cpp,17,0,17
/media/ullmann/hdd/research/engines/Urho3D/Source/Urho3D/GraphicsAPI/Shader.cpp,10,0,10
/media/ullmann/hdd/research/engines/Urho3D/Source/ThirdParty/Assimp/code/IFCBoolean.cpp,3,0,3
/media/ullmann/hdd/research/engines/Urho3D/Source/ThirdParty/Assimp/code/PolyTools.h,0,5,5
/media/ullmann/hdd/research/engines/Urho3D/Source/ThirdParty/FreeType/src/autofit/afstyles.h,0,4,4
/media/ullmann/hdd/research/engines/Urho3D/Source/ThirdParty/SLikeNet/Source/src/RakNetStatistics.cpp,5,0,5
/media/ullmann/hdd/research/engines/Urho3D/script/build/include/Urho3D/GraphicsAPI/Texture3D.h,4,1,5
/media/ullmann/hdd/research/engines/Urho3D/script/build/include/Urho3D/Container/Ptr.h,2,22,24
/media/ullmann/hdd/research/engines/Urho3D/Source/Urho3D/UI/UIBatch.h,4,3,7
/media/ullmann/hdd/research/engines/Urho3D/Source/ThirdParty/Assimp/code/glTF2AssetWriter.h,2,2,4
/media/ullmann/hdd/research/engines/Urho3D/Source/ThirdParty/Assimp/code/glTF2Asset.h,3,2,5
/media/ullmann/hdd/research/engines/Urho3D/include/Urho3D/Math/Matrix3.h,1,3,4
/media/ullmann/hdd/research/engines/Urho3D/Source/ThirdParty/SLikeNet/Source/src/RakPeer.cpp,24,0,24
/media/ullmann/hdd/research/engines/Urho3D/include/Urho3D/ThirdParty/slikenet/SignaledEvent.h,0,2,2
/media/ullmann/hdd/research/engines/Urho3D/script/build/include/Urho3D/Scene/Scene.h,6,3,9
/media/ullmann/hdd/research/engines/Urho3D/script/build/include/Urho3D/Scene/Node.h,3,5,8
/media/ullmann/hdd/research/engines/Urho3D/Source/Urho3D/AngelScript/Manual_Audio.cpp,3,0,3
/media/ullmann/hdd/research/engines/Urho3D/Source/Urho3D/Audio/Audio.h,5,6,11
/media/ullmann/hdd/research/engines/Urho3D/script/build/include/Urho3D/Precompiled.h,4,1,5
/media/ullmann/hdd/research/engines/Urho3D/script/build/include/Urho3D/Container/HashSet.h,3,20,23
/media/ullmann/hdd/research/engines/Urho3D/script/build/include/Urho3D/IO/Serializer.h,4,2,6
/media/ullmann/hdd/research/engines/Urho3D/script/build/include/Urho3D/Container/HashMap.h,5,14,19
/media/ullmann/hdd/research/engines/Urho3D/Source/ThirdParty/FreeType/src/raster/raster.c,3,0,3
/media/ullmann/hdd/research/engines/Urho3D/Source/ThirdParty/FreeType/src/raster/ftrend1.c,4,1,5
/media/ullmann/hdd/research/engines/Urho3D/Source/Urho3D/GraphicsAPI/Direct3D9/D3D9Graphics.cpp,20,0,20
/media/ullmann/hdd/research/engines/Urho3D/Source/Urho3D/Graphics/GraphicsEvents.h,1,26,27
/media/ullmann/hdd/research/engines/Urho3D/Source/ThirdParty/ik/src/bst_vector.c,2,0,2
/media/ullmann/hdd/research/engines/Urho3D/include/Urho3D/ThirdParty/ik/memory.h,1,10,11
/media/ullmann/hdd/research/engines/Urho3D/Source/ThirdParty/AngelScript/source/as_datatype.cpp,7,0,7
/media/ullmann/hdd/research/engines/Urho3D/Source/ThirdParty/AngelScript/source/as_objecttype.h,4,6,10
/media/ullmann/hdd/research/engines/Urho3D/script/build/include/Urho3D/ThirdParty/rapidjson/error/en.h,1,1,2
/media/ullmann/hdd/research/engines/Urho3D/script/build/include/Urho3D/ThirdParty/rapidjson/error/error.h,1,2,3
/media/ullmann/hdd/research/engines/Urho3D/Source/ThirdParty/SDL/src/audio/arts/SDL_artsaudio.h,2,1,3
/media/ullmann/hdd/research/engines/Urho3D/Source/Samples/99_Benchmark/AppStateManager.cpp,6,0,6
/media/ullmann/hdd/research/engines/Urho3D/Source/Samples/99_Benchmark/AppState_Benchmark03.h,1,2,3
/media/ullmann/hdd/research/engines/Urho3D/script/build/include/Urho3D/Physics/RaycastVehicle.h,3,1,4
/media/ullmann/hdd/research/engines/Urho3D/Source/ThirdParty/SLikeNet/Source/src/NatTypeDetectionServer.cpp,12,0,12
/media/ullmann/hdd/research/engines/Urho3D/include/Urho3D/ThirdParty/slikenet/SocketIncludes.h,0,5,5
/media/ullmann/hdd/research/engines/Urho3D/Source/Urho3D/Graphics/TerrainPatch.cpp,15,0,15
/media/ullmann/hdd/research/engines/Urho3D/Source/Urho3D/Math/Ray.cpp,5,0,5
/media/ullmann/hdd/research/engines/Urho3D/Source/Urho3D/Math/Ray.h,2,8,10
/media/ullmann/hdd/research/engines/Urho3D/script/build/include/Urho3D/ThirdParty/ik/util.h,1,0,1
/media/ullmann/hdd/research/engines/Urho3D/Source/ThirdParty/AngelScript/source/as_module.h,8,4,12
/media/ullmann/hdd/research/engines/Urho3D/Source/ThirdParty/SDL/src/video/winrt/SDL_winrtopengles.cpp,4,0,4
/media/ullmann/hdd/research/engines/Urho3D/Source/Urho3D/Scene/ValueAnimation.h,2,8,10
/media/ullmann/hdd/research/engines/Urho3D/Source/Urho3D/GraphicsAPI/OpenGL/OGLTexture.cpp,9,0,9
/media/ullmann/hdd/research/engines/Urho3D/Source/Urho3D/GraphicsAPI/GraphicsImpl.h,3,27,30
/media/ullmann/hdd/research/engines/Urho3D/include/Urho3D/ThirdParty/rapidjson/memorybuffer.h,2,0,2
/media/ullmann/hdd/research/engines/Urho3D/include/Urho3D/ThirdParty/rapidjson/internal/stack.h,2,5,7
/media/ullmann/hdd/research/engines/Urho3D/Source/ThirdParty/SDL/src/video/winrt/SDL_winrtvideo.cpp,13,0,13
/media/ullmann/hdd/research/engines/Urho3D/Source/ThirdParty/SDL/src/video/winrt/SDL_winrtvideo_cpp.h,2,8,10
/media/ullmann/hdd/research/engines/Urho3D/Source/Urho3D/Graphics/Batch.cpp,14,0,14
/media/ullmann/hdd/research/engines/Urho3D/Source/ThirdParty/SDL/src/audio/wasapi/SDL_wasapi_win32.c,5,0,5
/media/ullmann/hdd/research/engines/Urho3D/script/build/include/Urho3D/Input/Input.h,7,2,9
/media/ullmann/hdd/research/engines/Urho3D/script/build/include/Urho3D/Input/InputEvents.h,2,1,3
/media/ullmann/hdd/research/engines/Urho3D/Source/ThirdParty/LuaJIT/src/lj_buf.c,7,1,8
/media/ullmann/hdd/research/engines/Urho3D/Source/ThirdParty/LuaJIT/src/lj_buf.h,3,26,29
/media/ullmann/hdd/research/engines/Urho3D/Source/Urho3D/Physics2D/ConstraintRevolute2D.h,1,3,4
/media/ullmann/hdd/research/engines/Urho3D/script/build/include/Urho3D/ThirdParty/rapidjson/internal/dtoa.h,3,1,4
/media/ullmann/hdd/research/engines/Urho3D/script/build/include/Urho3D/ThirdParty/rapidjson/internal/ieee754.h,1,2,3
/media/ullmann/hdd/research/engines/Urho3D/Source/ThirdParty/SLikeNet/Source/src/RPC4Plugin.cpp,10,0,10
/media/ullmann/hdd/research/engines/Urho3D/Source/Urho3D/GraphicsAPI/GraphicsDefs.h,4,28,32
/media/ullmann/hdd/research/engines/Urho3D/Source/ThirdParty/SLikeNet/Source/slikenet/Itoa.h,1,0,1
/media/ullmann/hdd/research/engines/Urho3D/Source/ThirdParty/SLikeNet/Source/include/slikenet/Itoa.h,0,2,2
/media/ullmann/hdd/research/engines/Urho3D/Source/ThirdParty/SLikeNet/Source/src/UDPForwarder.cpp,10,0,10
/media/ullmann/hdd/research/engines/Urho3D/include/Urho3D/ThirdParty/slikenet/SocketLayer.h,0,10,10
/media/ullmann/hdd/research/engines/Urho3D/Source/ThirdParty/SDL/src/core/linux/SDL_dbus.h,1,7,8
/media/ullmann/hdd/research/engines/Urho3D/Source/Urho3D/Physics2D/Constraint2D.h,1,14,15
/media/ullmann/hdd/research/engines/Urho3D/Source/Urho3D/Graphics/View.h,6,6,12
/media/ullmann/hdd/research/engines/Urho3D/Source/Urho3D/Math/Polyhedron.h,1,7,8
/media/ullmann/hdd/research/engines/Urho3D/Source/ThirdParty/SDL/src/video/winrt/SDL_winrtmessagebox.cpp,3,0,3
/media/ullmann/hdd/research/engines/Urho3D/Source/Urho3D/GraphicsAPI/Direct3D9/D3D9Texture2D.cpp,13,0,13
/media/ullmann/hdd/research/engines/Urho3D/Source/ThirdParty/Box2D/src/collision/b2_broad_phase.cpp,1,0,1
/media/ullmann/hdd/research/engines/Urho3D/include/Urho3D/ThirdParty/box2d/b2_broad_phase.h,0,3,3
/media/ullmann/hdd/research/engines/Urho3D/Source/ThirdParty/FreeType/src/base/ftbase.c,15,0,15
/media/ullmann/hdd/research/engines/Urho3D/Source/ThirdParty/FreeType/src/base/ftobjs.c,2,1,3
/media/ullmann/hdd/research/engines/Urho3D/Source/ThirdParty/FreeType/src/truetype/ttgload.c,5,1,6
/media/ullmann/hdd/research/engines/Urho3D/script/build/include/Urho3D/ThirdParty/SDL/SDL_sensor.h,4,1,5
/media/ullmann/hdd/research/engines/Urho3D/script/build/include/Urho3D/ThirdParty/SDL/begin_code.h,0,42,42
/media/ullmann/hdd/research/engines/Urho3D/include/Urho3D/Core/Timer.h,1,9,10
/media/ullmann/hdd/research/engines/Urho3D/include/Urho3D/Core/Object.h,3,56,59
/media/ullmann/hdd/research/engines/Urho3D/Source/ThirdParty/SDL/src/video/x11/SDL_x11messagebox.c,4,0,4
/media/ullmann/hdd/research/engines/Urho3D/Source/ThirdParty/LuaJIT/src/lj_obj.h,4,102,106
/media/ullmann/hdd/research/engines/Urho3D/Source/ThirdParty/SDL/src/video/vivante/SDL_vivantevideo.h,2,4,6
/media/ullmann/hdd/research/engines/Urho3D/Source/ThirdParty/SLikeNet/Source/include/slikenet/time.h,2,7,9
/media/ullmann/hdd/research/engines/Urho3D/Source/ThirdParty/SLikeNet/Source/include/slikenet/defines.h,1,15,16
/media/ullmann/hdd/research/engines/Urho3D/Source/ThirdParty/SDL/src/video/wayland/SDL_waylanddatamanager.c,5,0,5
/media/ullmann/hdd/research/engines/Urho3D/Source/ThirdParty/SDL/src/video/wayland/SDL_waylanddyn.h,2,9,11
/media/ullmann/hdd/research/engines/Urho3D/Source/ThirdParty/SDL/src/video/directfb/SDL_DirectFB_mouse.h,1,2,3
/media/ullmann/hdd/research/engines/Urho3D/script/build/include/Urho3D/Graphics/Material.h,5,4,9
/media/ullmann/hdd/research/engines/Urho3D/Source/Urho3D/Graphics/CustomGeometry.cpp,16,0,16
/media/ullmann/hdd/research/engines/Urho3D/script/build/include/Urho3D/Graphics/Camera.h,4,1,5
/media/ullmann/hdd/research/engines/Urho3D/script/build/include/Urho3D/Container/VectorBase.h,3,3,6
/media/ullmann/hdd/research/engines/Urho3D/script/build/include/Urho3D/Container/Swap.h,0,5,5
/media/ullmann/hdd/research/engines/Urho3D/Source/ThirdParty/AngelScript/source/as_symboltable.h,6,3,9
/media/ullmann/hdd/research/engines/Urho3D/Source/ThirdParty/SDL/src/audio/netbsd/SDL_netbsdaudio.h,2,1,3
/media/ullmann/hdd/research/engines/Urho3D/Source/ThirdParty/SDL/src/video/android/SDL_androidvideo.c,15,0,15
/media/ullmann/hdd/research/engines/Urho3D/Source/Urho3D/GraphicsAPI/OpenGL/OGLTexture3D.cpp,13,0,13
/media/ullmann/hdd/research/engines/Urho3D/Source/ThirdParty/SLikeNet/Source/slikenet/TeamManager.h,1,0,1
/media/ullmann/hdd/research/engines/Urho3D/Source/ThirdParty/SLikeNet/Source/include/slikenet/TeamManager.h,8,2,10
/media/ullmann/hdd/research/engines/Urho3D/Source/ThirdParty/Bullet/src/BulletSoftBody/btSoftBodyRigidBodyCollisionConfiguration.cpp,4,0,4
/media/ullmann/hdd/research/engines/Urho3D/Source/ThirdParty/Bullet/src/BulletSoftBody/btSoftBodyConcaveCollisionAlgorithm.h,0,2,2
/media/ullmann/hdd/research/engines/Urho3D/Source/ThirdParty/Assimp/code/MD3Loader.h,4,2,6
/media/ullmann/hdd/research/engines/Urho3D/Source/Samples/99_Benchmark/AppState_MainScreen.cpp,2,0,2
/media/ullmann/hdd/research/engines/Urho3D/Source/Samples/99_Benchmark/AppState_MainScreen.h,1,2,3
/media/ullmann/hdd/research/engines/Urho3D/Source/ThirdParty/Bullet/src/BulletDynamics/Vehicle/btWheelInfo.cpp,1,0,1
/media/ullmann/hdd/research/engines/Urho3D/Source/ThirdParty/Lua/src/lzio.c,5,0,5
/media/ullmann/hdd/research/engines/Urho3D/include/Urho3D/ThirdParty/rapidjson/internal/biginteger.h,1,1,2
/media/ullmann/hdd/research/engines/Urho3D/include/Urho3D/ThirdParty/rapidjson/rapidjson.h,2,13,15
/media/ullmann/hdd/research/engines/Urho3D/Source/Urho3D/Urho2D/StaticSprite2D.cpp,10,0,10
/media/ullmann/hdd/research/engines/Urho3D/Source/Urho3D/IK/IKEvents.h,1,2,3
/media/ullmann/hdd/research/engines/Urho3D/script/build/include/Urho3D/Audio/Sound.h,2,1,3
/media/ullmann/hdd/research/engines/Urho3D/script/build/include/Urho3D/Container/ArrayPtr.h,2,25,27
/media/ullmann/hdd/research/engines/Urho3D/Source/Urho3D/GraphicsAPI/OpenGL/OGLGraphicsImpl.h,6,2,8
/media/ullmann/hdd/research/engines/Urho3D/Source/Urho3D/GraphicsAPI/Texture2D.h,3,33,36
/media/ullmann/hdd/research/engines/Urho3D/Source/ThirdParty/AngelScript/source/as_scriptengine.cpp,14,0,14
/media/ullmann/hdd/research/engines/Urho3D/Source/ThirdParty/AngelScript/source/as_builder.cpp,10,0,10
/media/ullmann/hdd/research/engines/Urho3D/Source/ThirdParty/AngelScript/source/as_texts.h,0,23,23
/media/ullmann/hdd/research/engines/Urho3D/Source/Urho3D/Math/Sphere.cpp,4,0,4
/media/ullmann/hdd/research/engines/Urho3D/Source/ThirdParty/SDL/include/SDL_filesystem.h,3,1,4
/media/ullmann/hdd/research/engines/Urho3D/Source/ThirdParty/SDL/src/video/x11/SDL_x11clipboard.c,2,0,2
/media/ullmann/hdd/research/engines/Urho3D/Source/ThirdParty/SDL/src/core/linux/SDL_fcitx.c,5,0,5
/media/ullmann/hdd/research/engines/Urho3D/Source/ThirdParty/SDL/src/core/linux/SDL_fcitx.h,1,2,3
/media/ullmann/hdd/research/engines/Urho3D/Source/Urho3D/UI/ToolTip.h,2,3,5
/media/ullmann/hdd/research/engines/Urho3D/Source/Urho3D/UI/UIElement.h,5,9,14
/media/ullmann/hdd/research/engines/Urho3D/Source/ThirdParty/SDL/src/video/haiku/SDL_BWin.h,3,6,9
/media/ullmann/hdd/research/engines/Urho3D/Source/Urho3D/AngelScript/Manual_IO.cpp,3,0,3
/media/ullmann/hdd/research/engines/Urho3D/script/build/include/Urho3D/UI/UIBatch.h,4,3,7
/media/ullmann/hdd/research/engines/Urho3D/script/build/include/Urho3D/Math/Color.h,1,17,18
/media/ullmann/hdd/research/engines/Urho3D/Source/ThirdParty/SDL/src/render/SDL_d3dmath.c,2,0,2
/media/ullmann/hdd/research/engines/Urho3D/Source/ThirdParty/SDL/src/render/SDL_d3dmath.h,1,3,4
/media/ullmann/hdd/research/engines/Urho3D/Source/ThirdParty/SLikeNet/Source/src/UDPProxyClient.cpp,7,0,7
/media/ullmann/hdd/research/engines/Urho3D/include/Urho3D/ThirdParty/slikenet/MessageIdentifiers.h,0,26,26
/media/ullmann/hdd/research/engines/Urho3D/Source/Urho3D/Math/Matrix2.cpp,3,0,3
/media/ullmann/hdd/research/engines/Urho3D/Source/Urho3D/Urho2D/Sprite2D.cpp,9,0,9
/media/ullmann/hdd/research/engines/Urho3D/Source/Urho3D/Urho2D/SpriteSheet2D.h,1,5,6
/media/ullmann/hdd/research/engines/Urho3D/Source/ThirdParty/FreeType/src/gzip/infcodes.c,5,1,6
/media/ullmann/hdd/research/engines/Urho3D/Source/ThirdParty/FreeType/src/gzip/zutil.h,1,7,8
/media/ullmann/hdd/research/engines/Urho3D/Source/ThirdParty/FreeType/src/autofit/afcjk.c,6,1,7
/media/ullmann/hdd/research/engines/Urho3D/Source/ThirdParty/AngelScript/source/as_restore.cpp,6,0,6
/media/ullmann/hdd/research/engines/Urho3D/Source/Urho3D/Graphics/StaticModelGroup.cpp,12,0,12
/media/ullmann/hdd/research/engines/Urho3D/Source/Urho3D/Graphics/Geometry.h,3,21,24
/media/ullmann/hdd/research/engines/Urho3D/Source/ThirdParty/LuaJIT/src/lj_udata.c,3,1,4
/media/ullmann/hdd/research/engines/Urho3D/Source/ThirdParty/SLikeNet/Source/GetTime.h,1,0,1
/media/ullmann/hdd/research/engines/Urho3D/Source/ThirdParty/SLikeNet/Source/include/slikenet/GetTime.h,2,3,5
/media/ullmann/hdd/research/engines/Urho3D/Source/Urho3D/Physics2D/Physics2D.cpp,22,0,22
/media/ullmann/hdd/research/engines/Urho3D/Source/Urho3D/Physics2D/ConstraintMouse2D.h,1,3,4
/media/ullmann/hdd/research/engines/Urho3D/Source/ThirdParty/SDL/include/SDL_video.h,6,12,18
/media/ullmann/hdd/research/engines/Urho3D/Source/Urho3D/Graphics/AnimationState.cpp,7,0,7
/media/ullmann/hdd/research/engines/Urho3D/Source/Urho3D/Graphics/AnimatedModel.h,3,9,12
/media/ullmann/hdd/research/engines/Urho3D/Source/ThirdParty/WebP/src/enc/vp8l_enc.c,11,0,11
/media/ullmann/hdd/research/engines/Urho3D/Source/ThirdParty/rapidjson/include/rapidjson/internal/regex.h,3,1,4
/media/ullmann/hdd/research/engines/Urho3D/Source/ThirdParty/FreeType/src/cff/cffgload.c,5,1,6
/media/ullmann/hdd/research/engines/Urho3D/Source/ThirdParty/FreeType/src/cff/cffgload.h,1,4,5
/media/ullmann/hdd/research/engines/Urho3D/Source/Urho3D/Scene/SmoothedTransform.cpp,6,0,6
/media/ullmann/hdd/research/engines/Urho3D/Source/ThirdParty/FreeType/src/sfnt/sfntpic.c,2,1,3
/media/ullmann/hdd/research/engines/Urho3D/Source/ThirdParty/FreeType/src/sfnt/sferrors.h,0,11,11
/media/ullmann/hdd/research/engines/Urho3D/Source/ThirdParty/Assimp/contrib/irrXML/irrXML.cpp,5,0,5
/media/ullmann/hdd/research/engines/Urho3D/Source/ThirdParty/Assimp/contrib/irrXML/CXMLReaderImpl.h,3,1,4
/media/ullmann/hdd/research/engines/Urho3D/Source/Urho3D/Physics2D/ConstraintWheel2D.h,1,3,4
/media/ullmann/hdd/research/engines/Urho3D/Source/ThirdParty/FreeType/src/cache/ftccache.c,3,1,4
/media/ullmann/hdd/research/engines/Urho3D/Source/ThirdParty/FreeType/src/cache/ftcmanag.h,2,5,7
/media/ullmann/hdd/research/engines/Urho3D/Source/ThirdParty/Assimp/code/Importer.cpp,13,0,13
/media/ullmann/hdd/research/engines/Urho3D/Source/ThirdParty/Assimp/code/Importer.h,0,10,10
/media/ullmann/hdd/research/engines/Urho3D/Source/ThirdParty/SDL/src/joystick/psp/SDL_sysjoystick.c,4,0,4
/media/ullmann/hdd/research/engines/Urho3D/Source/ThirdParty/SDL/src/thread/SDL_systhread.h,2,17,19
/media/ullmann/hdd/research/engines/Urho3D/Source/ThirdParty/SDL/src/video/SDL_RLEaccel.c,4,0,4
/media/ullmann/hdd/research/engines/Urho3D/Source/Urho3D/GraphicsAPI/Texture2DArray.cpp,13,0,13
/media/ullmann/hdd/research/engines/Urho3D/Source/ThirdParty/Assimp/include/assimp/scene.h,8,0,8
/media/ullmann/hdd/research/engines/Urho3D/Source/ThirdParty/Assimp/include/assimp/material.h,4,1,5
/media/ullmann/hdd/research/engines/Urho3D/Source/Urho3D/Graphics/BillboardSet.cpp,15,0,15
/media/ullmann/hdd/research/engines/Urho3D/Source/Urho3D/AngelScript/Manual_Input.h,1,2,3
/media/ullmann/hdd/research/engines/Urho3D/Source/Urho3D/Input/Input.h,7,9,16
/media/ullmann/hdd/research/engines/Urho3D/Source/ThirdParty/Assimp/contrib/utf8cpp/source/utf8.h,2,4,6
/media/ullmann/hdd/research/engines/Urho3D/Source/ThirdParty/Assimp/contrib/utf8cpp/source/utf8/checked.h,1,1,2
/media/ullmann/hdd/research/engines/Urho3D/Source/ThirdParty/Assimp/code/MDLFileData.h,2,1,3
/media/ullmann/hdd/research/engines/Urho3D/Source/ThirdParty/FreeType/src/cache/ftccache.h,1,1,2
/media/ullmann/hdd/research/engines/Urho3D/Source/ThirdParty/FreeType/src/cache/ftcmru.h,0,4,4
/media/ullmann/hdd/research/engines/Urho3D/include/Urho3D/ThirdParty/SDL/SDL_keyboard.h,6,2,8
/media/ullmann/hdd/research/engines/Urho3D/include/Urho3D/ThirdParty/SDL/SDL_keycode.h,2,1,3
/media/ullmann/hdd/research/engines/Urho3D/script/build/include/Urho3D/Navigation/Obstacle.h,2,1,3
/media/ullmann/hdd/research/engines/Urho3D/Source/ThirdParty/Assimp/code/IRRLoader.cpp,7,0,7
/media/ullmann/hdd/research/engines/Urho3D/Source/Urho3D/Core/Spline.cpp,3,0,3
/media/ullmann/hdd/research/engines/Urho3D/Source/ThirdParty/SLikeNet/Source/DR_SHA1.h,1,0,1
/media/ullmann/hdd/research/engines/Urho3D/Source/ThirdParty/SLikeNet/Source/include/slikenet/DR_SHA1.h,2,4,6
/media/ullmann/hdd/research/engines/Urho3D/Source/ThirdParty/SDL/src/video/emscripten/SDL_emscriptenevents.c,6,0,6
/media/ullmann/hdd/research/engines/Urho3D/Source/Urho3D/Urho2D/ParticleEmitter2D.cpp,13,0,13
/media/ullmann/hdd/research/engines/Urho3D/include/Urho3D/Graphics/Graphics.h,10,3,13
/media/ullmann/hdd/research/engines/Urho3D/Source/ThirdParty/SLikeNet/Source/slikenet/AutopatcherRepositoryInterface.h,1,0,1
/media/ullmann/hdd/research/engines/Urho3D/Source/ThirdParty/SLikeNet/Source/include/slikenet/AutopatcherRepositoryInterface.h,2,2,4
/media/ullmann/hdd/research/engines/Urho3D/Source/ThirdParty/Box2D/src/collision/b2_collide_polygon.cpp,2,0,2
/media/ullmann/hdd/research/engines/Urho3D/include/Urho3D/ThirdParty/box2d/b2_polygon_shape.h,0,8,8
/media/ullmann/hdd/research/engines/Urho3D/Source/ThirdParty/SLikeNet/Source/src/HTTPConnection2.cpp,3,0,3
/media/ullmann/hdd/research/engines/Urho3D/script/build/include/Urho3D/ThirdParty/SDL/SDL_atomic.h,4,2,6
/media/ullmann/hdd/research/engines/Urho3D/script/build/include/Urho3D/GraphicsAPI/OpenGL/OGLShaderProgram.h,5,1,6
/media/ullmann/hdd/research/engines/Urho3D/script/build/include/Urho3D/Container/RefCounted.h,1,13,14
/media/ullmann/hdd/research/engines/Urho3D/include/Urho3D/Graphics/OctreeQuery.h,5,2,7
/media/ullmann/hdd/research/engines/Urho3D/include/Urho3D/Core/MiniDump.h,1,1,2
/media/ullmann/hdd/research/engines/Urho3D/Source/ThirdParty/SDL/src/video/windows/SDL_windowsmouse.h,1,1,2
/media/ullmann/hdd/research/engines/Urho3D/Source/ThirdParty/SDL/src/video/windows/SDL_windowskeyboard.c,4,0,4
/media/ullmann/hdd/research/engines/Urho3D/include/Urho3D/Math/Frustum.h,5,8,13
/media/ullmann/hdd/research/engines/Urho3D/include/Urho3D/GraphicsAPI/Direct3D11/D3D11ShaderProgram.h,4,1,5
/media/ullmann/hdd/research/engines/Urho3D/Source/ThirdParty/SDL/src/video/SDL_shape_internals.h,1,5,6
/media/ullmann/hdd/research/engines/Urho3D/script/build/include/Urho3D/ThirdParty/SDL/SDL_syswm.h,7,0,7
/media/ullmann/hdd/research/engines/Urho3D/script/build/include/Urho3D/ThirdParty/SDL/SDL_version.h,3,2,5
/media/ullmann/hdd/research/engines/Urho3D/Source/ThirdParty/Assimp/code/qnan.h,0,10,10
/media/ullmann/hdd/research/engines/Urho3D/Source/ThirdParty/Bullet/src/BulletCollision/BroadphaseCollision/btSimpleBroadphase.h,1,2,3
/media/ullmann/hdd/research/engines/Urho3D/Source/Urho3D/Audio/Audio.cpp,11,0,11
/media/ullmann/hdd/research/engines/Urho3D/script/build/include/Urho3D/Graphics/Skybox.h,1,1,2
/media/ullmann/hdd/research/engines/Urho3D/script/build/include/Urho3D/Graphics/StaticModel.h,1,5,6
/media/ullmann/hdd/research/engines/Urho3D/Source/ThirdParty/Assimp/code/D3MFExporter.cpp,4,0,4
/media/ullmann/hdd/research/engines/Urho3D/Source/ThirdParty/Assimp/code/D3MFExporter.h,0,1,1
/media/ullmann/hdd/research/engines/Urho3D/include/Urho3D/UI/Font.h,2,2,4
/media/ullmann/hdd/research/engines/Urho3D/Source/Urho3D/Urho2D/SpriterData2D.cpp,3,0,3
/media/ullmann/hdd/research/engines/Urho3D/Source/Urho3D/Urho2D/SpriterData2D.h,0,3,3
/media/ullmann/hdd/research/engines/Urho3D/script/build/include/Urho3D/IO/FileWatcher.h,4,1,5
/media/ullmann/hdd/research/engines/Urho3D/include/Urho3D/Physics/RigidBody.h,2,3,5
/media/ullmann/hdd/research/engines/Urho3D/include/Urho3D/ThirdParty/SDL/SDL_pixels.h,4,4,8
/media/ullmann/hdd/research/engines/Urho3D/include/Urho3D/ThirdParty/SDL/SDL_endian.h,3,3,6
/media/ullmann/hdd/research/engines/Urho3D/Source/ThirdParty/FreeType/src/base/ftmac.c,1,1,2
/media/ullmann/hdd/research/engines/Urho3D/script/build/include/Urho3D/Math/Rect.h,1,12,13
/media/ullmann/hdd/research/engines/Urho3D/Source/Urho3D/IK/IKEffector.h,2,4,6
/media/ullmann/hdd/research/engines/Urho3D/Source/ThirdParty/SLikeNet/Source/include/slikenet/UDPProxyCoordinator.h,8,2,10
/media/ullmann/hdd/research/engines/Urho3D/Source/ThirdParty/Assimp/code/IRRShared.cpp,3,0,3
/media/ullmann/hdd/research/engines/Urho3D/Source/Urho3D/Resource/JSONFile.cpp,10,0,10
/media/ullmann/hdd/research/engines/Urho3D/Source/ThirdParty/Assimp/code/OgreStructs.cpp,3,0,3
/media/ullmann/hdd/research/engines/Urho3D/Source/Urho3D/Resource/Image.h,2,9,11
/media/ullmann/hdd/research/engines/Urho3D/Source/ThirdParty/SLikeNet/Source/include/slikenet/NativeTypes.h,0,20,20
/media/ullmann/hdd/research/engines/Urho3D/Source/ThirdParty/rapidjson/include/rapidjson/internal/diyfp.h,2,2,4
/media/ullmann/hdd/research/engines/Urho3D/Source/ThirdParty/rapidjson/include/rapidjson/rapidjson.h,2,13,15
/media/ullmann/hdd/research/engines/Urho3D/Source/Urho3D/Graphics/TerrainPatch.h,1,5,6
/media/ullmann/hdd/research/engines/Urho3D/Source/Urho3D/GraphicsAPI/Direct3D11/D3D11Texture.cpp,10,0,10
/media/ullmann/hdd/research/engines/Urho3D/Source/ThirdParty/Bullet/src/LinearMath/btScalar.h,0,10,10
/media/ullmann/hdd/research/engines/Urho3D/include/Urho3D/GraphicsAPI/IndexBuffer.h,4,3,7
/media/ullmann/hdd/research/engines/Urho3D/Source/ThirdParty/LuaJIT/src/lj_bc.c,2,1,3
/media/ullmann/hdd/research/engines/Urho3D/Source/ThirdParty/LuaJIT/src/lj_bc.h,2,18,20
/media/ullmann/hdd/research/engines/Urho3D/Source/ThirdParty/LuaJIT/src/lj_load.c,12,1,13
/media/ullmann/hdd/research/engines/Urho3D/Source/ThirdParty/LuaJIT/src/lj_bcdump.h,2,5,7
/media/ullmann/hdd/research/engines/Urho3D/Source/Urho3D/Urho2D/TileMap2D.cpp,10,0,10
/media/ullmann/hdd/research/engines/Urho3D/Source/Urho3D/Urho2D/TileMapLayer2D.h,2,4,6
/media/ullmann/hdd/research/engines/Urho3D/Source/ThirdParty/SDL/src/core/unix/SDL_poll.h,1,9,10
/media/ullmann/hdd/research/engines/Urho3D/Source/ThirdParty/WebP/src/dec/vp8l_dec.c,9,0,9
/media/ullmann/hdd/research/engines/Urho3D/Source/ThirdParty/WebP/src/dsp/lossless.h,5,19,24
/media/ullmann/hdd/research/engines/Urho3D/Source/ThirdParty/AngelScript/source/as_scriptfunction.h,5,7,12
/media/ullmann/hdd/research/engines/Urho3D/include/Urho3D/Audio/Sound.h,2,1,3
/media/ullmann/hdd/research/engines/Urho3D/Source/ThirdParty/FreeType/src/pfr/pfrgload.c,4,1,5
/media/ullmann/hdd/research/engines/Urho3D/Source/ThirdParty/FreeType/src/pfr/pfrsbit.h,1,3,4
/media/ullmann/hdd/research/engines/Urho3D/Source/ThirdParty/SDL/src/video/cocoa/SDL_cocoamessagebox.h,1,1,2
/media/ullmann/hdd/research/engines/Urho3D/Source/Urho3D/Urho2D/AnimationSet2D.cpp,15,0,15
/media/ullmann/hdd/research/engines/Urho3D/include/Urho3D/GraphicsAPI/ShaderVariation.h,5,5,10
/media/ullmann/hdd/research/engines/Urho3D/include/Urho3D/GraphicsAPI/GPUObject.h,1,7,8
/media/ullmann/hdd/research/engines/Urho3D/Source/Samples/99_Benchmark/FpsCounter.cpp,1,0,1
/media/ullmann/hdd/research/engines/Urho3D/Source/Samples/99_Benchmark/FpsCounter.h,0,2,2
/media/ullmann/hdd/research/engines/Urho3D/include/Urho3D/GraphicsAPI/Shader.h,2,1,3
/media/ullmann/hdd/research/engines/Urho3D/Source/ThirdParty/Assimp/code/FBXProperties.h,1,6,7
/media/ullmann/hdd/research/engines/Urho3D/Source/ThirdParty/Assimp/code/FBXCompileConfig.h,0,4,4
/media/ullmann/hdd/research/engines/Urho3D/script/build/include/Urho3D/GraphicsAPI/Texture2D.h,3,3,6
/media/ullmann/hdd/research/engines/Urho3D/Source/Urho3D/Container/HashSet.h,3,21,24
/media/ullmann/hdd/research/engines/Urho3D/Source/ThirdParty/SLikeNet/Source/include/slikenet/NetworkIDManager.h,5,2,7
/media/ullmann/hdd/research/engines/Urho3D/Source/ThirdParty/Assimp/code/X3DImporter_Geometry2D.cpp,3,0,3
/media/ullmann/hdd/research/engines/Urho3D/Source/ThirdParty/Assimp/code/X3DImporter_Node.hpp,0,2,2
/media/ullmann/hdd/research/engines/Urho3D/Source/ThirdParty/SDL/src/joystick/android/SDL_sysjoystick_c.h,2,3,5
/media/ullmann/hdd/research/engines/Urho3D/Source/Urho3D/AngelScript/Generated_GlobalFunctions.cpp,3,0,3
/media/ullmann/hdd/research/engines/Urho3D/Source/Urho3D/UI/Slider.cpp,7,0,7
/media/ullmann/hdd/research/engines/Urho3D/Source/ThirdParty/FreeType/src/psaux/psaux.c,6,0,6
/media/ullmann/hdd/research/engines/Urho3D/Source/ThirdParty/FreeType/src/psaux/psauxmod.c,5,1,6
/media/ullmann/hdd/research/engines/Urho3D/Source/ThirdParty/Bullet/src/BulletSoftBody/btSoftSoftCollisionAlgorithm.h,0,2,2
/media/ullmann/hdd/research/engines/Urho3D/Source/ThirdParty/WebP/src/dec/buffer_dec.c,3,0,3
/media/ullmann/hdd/research/engines/Urho3D/Source/ThirdParty/WebP/src/dec/webpi_dec.h,2,7,9
/media/ullmann/hdd/research/engines/Urho3D/Source/Urho3D/GraphicsAPI/IndexBuffer.h,4,22,26
/media/ullmann/hdd/research/engines/Urho3D/Source/Samples/08_Decals/Decals.cpp,1,0,1
/media/ullmann/hdd/research/engines/Urho3D/Source/Samples/08_Decals/Decals.h,1,1,2
/media/ullmann/hdd/research/engines/Urho3D/include/Urho3D/Resource/JSONValue.h,1,4,5
/media/ullmann/hdd/research/engines/Urho3D/script/build/include/Urho3D/Scene/ObjectAnimation.h,2,1,3
/media/ullmann/hdd/research/engines/Urho3D/Source/ThirdParty/Assimp/code/3DSHelper.h,6,2,8
/media/ullmann/hdd/research/engines/Urho3D/Source/ThirdParty/Assimp/code/PlyLoader.cpp,3,0,3
/media/ullmann/hdd/research/engines/Urho3D/Source/ThirdParty/Assimp/code/IOStreamBuffer.h,1,4,5
/media/ullmann/hdd/research/engines/Urho3D/Source/Urho3D/Scene/ObjectAnimation.h,2,8,10
/media/ullmann/hdd/research/engines/Urho3D/Source/ThirdParty/SLikeNet/Source/FormatString.h,1,0,1
/media/ullmann/hdd/research/engines/Urho3D/Source/ThirdParty/WebP/src/enc/webp_enc.c,4,0,4
/media/ullmann/hdd/research/engines/Urho3D/Source/ThirdParty/WebP/src/enc/vp8li_enc.h,5,5,10
/media/ullmann/hdd/research/engines/Urho3D/script/build/include/Urho3D/GraphicsAPI/VertexBuffer.h,4,5,9
/media/ullmann/hdd/research/engines/Urho3D/Source/Urho3D/Scene/Scene.h,6,59,65
/media/ullmann/hdd/research/engines/Urho3D/Source/Urho3D/Input/Controls.cpp,2,0,2
/media/ullmann/hdd/research/engines/Urho3D/Source/Urho3D/Core/CoreEvents.h,1,21,22
/media/ullmann/hdd/research/engines/Urho3D/Source/ThirdParty/Bullet/src/BulletCollision/CollisionDispatch/btUnionFind.cpp,1,0,1
/media/ullmann/hdd/research/engines/Urho3D/Source/ThirdParty/Bullet/src/BulletCollision/CollisionDispatch/btUnionFind.h,0,1,1
/media/ullmann/hdd/research/engines/Urho3D/include/Urho3D/ThirdParty/ik/solver_MSD.h,2,2,4
/media/ullmann/hdd/research/engines/Urho3D/script/build/include/Urho3D/Physics2D/CollisionEdge2D.h,1,1,2
/media/ullmann/hdd/research/engines/Urho3D/script/build/include/Urho3D/Math/BigInt.h,3,1,4
/media/ullmann/hdd/research/engines/Urho3D/Source/ThirdParty/SDL/include/SDL_joystick.h,4,4,8
/media/ullmann/hdd/research/engines/Urho3D/Source/Urho3D/Urho2D/Renderer2D.h,2,6,8
/media/ullmann/hdd/research/engines/Urho3D/include/Urho3D/Core/CoreEvents.h,1,0,1
/media/ullmann/hdd/research/engines/Urho3D/script/build/include/Urho3D/Physics2D/PhysicsWorld2D.h,2,2,4
/media/ullmann/hdd/research/engines/Urho3D/Source/ThirdParty/AngelScript/source/as_property.h,5,4,9
/media/ullmann/hdd/research/engines/Urho3D/Source/ThirdParty/Assimp/code/TriangulateProcess.cpp,3,0,3
/media/ullmann/hdd/research/engines/Urho3D/include/Urho3D/GraphicsAPI/Texture2D.h,3,3,6
/media/ullmann/hdd/research/engines/Urho3D/Source/ThirdParty/SDL/src/video/winrt/SDL_winrtevents.cpp,8,0,8
/media/ullmann/hdd/research/engines/Urho3D/Source/ThirdParty/Lua/src/ldebug.c,13,0,13
/media/ullmann/hdd/research/engines/Urho3D/Source/ThirdParty/Lua/src/lapi.h,1,2,3
/media/ullmann/hdd/research/engines/Urho3D/Source/Urho3D/GraphicsAPI/Direct3D11/D3D11Texture2D.cpp,13,0,13
/media/ullmann/hdd/research/engines/Urho3D/Source/ThirdParty/WebP/src/dec/vp8_dec.c,6,0,6
/media/ullmann/hdd/research/engines/Urho3D/Source/ThirdParty/LuaJIT/src/lj_func.c,5,1,6
/media/ullmann/hdd/research/engines/Urho3D/Source/ThirdParty/SDL/src/video/x11/SDL_x11vulkan.c,3,0,3
/media/ullmann/hdd/research/engines/Urho3D/Source/ThirdParty/SLikeNet/Source/include/slikenet/CheckSum.h,1,2,3
/media/ullmann/hdd/research/engines/Urho3D/Source/ThirdParty/Assimp/code/C4DImporter.h,2,2,4
/media/ullmann/hdd/research/engines/Urho3D/include/Urho3D/UI/CheckBox.h,1,1,2
/media/ullmann/hdd/research/engines/Urho3D/include/Urho3D/UI/BorderImage.h,2,10,12
/media/ullmann/hdd/research/engines/Urho3D/Source/Urho3D/Container/Allocator.cpp,2,0,2
/media/ullmann/hdd/research/engines/Urho3D/Source/ThirdParty/SDL/src/audio/alsa/SDL_alsa_audio.h,2,1,3
/media/ullmann/hdd/research/engines/Urho3D/script/build/include/Urho3D/Container/HashBase.h,4,5,9
/media/ullmann/hdd/research/engines/Urho3D/Source/ThirdParty/SDL/src/video/x11/SDL_x11keyboard.h,1,1,2
/media/ullmann/hdd/research/engines/Urho3D/script/build/include/Urho3D/ThirdParty/SDL/SDL_shape.h,7,1,8
/media/ullmann/hdd/research/engines/Urho3D/Source/Urho3D/GraphicsAPI/Direct3D9/D3D9Texture3D.cpp,13,0,13
/media/ullmann/hdd/research/engines/Urho3D/Source/Urho3D/UI/FontFaceBitmap.cpp,13,0,13
/media/ullmann/hdd/research/engines/Urho3D/Source/ThirdParty/Tracy/libbacktrace/posix.cpp,3,1,4
/media/ullmann/hdd/research/engines/Urho3D/script/build/include/Urho3D/UI/UI.h,4,2,6
/media/ullmann/hdd/research/engines/Urho3D/Source/Urho3D/AngelScript/Manual_Container.cpp,2,0,2
/media/ullmann/hdd/research/engines/Urho3D/Source/ThirdParty/SLikeNet/Source/include/slikenet/DynDNS.h,2,2,4
/media/ullmann/hdd/research/engines/Urho3D/Source/ThirdParty/SLikeNet/Source/include/slikenet/NativeFeatureIncludes.h,1,51,52
/media/ullmann/hdd/research/engines/Urho3D/Source/ThirdParty/SLikeNet/Source/src/RakNetTypes.cpp,11,0,11
/media/ullmann/hdd/research/engines/Urho3D/include/Urho3D/ThirdParty/slikenet/Itoa.h,0,9,9
/media/ullmann/hdd/research/engines/Urho3D/Source/ThirdParty/SLikeNet/Source/include/slikenet/FileListTransfer.h,11,2,13
/media/ullmann/hdd/research/engines/Urho3D/Source/ThirdParty/Assimp/code/Profiler.h,1,1,2
/media/ullmann/hdd/research/engines/Urho3D/Source/Urho3D/Navigation/NavigationMesh.h,5,6,11
/media/ullmann/hdd/research/engines/Urho3D/Source/Urho3D/Scene/Scene.cpp,22,0,22
/media/ullmann/hdd/research/engines/Urho3D/Source/Urho3D/Scene/UnknownComponent.h,1,4,5
/media/ullmann/hdd/research/engines/Urho3D/Source/ThirdParty/FreeType/src/cid/type1cid.c,5,0,5
/media/ullmann/hdd/research/engines/Urho3D/Source/ThirdParty/FreeType/src/cid/cidobjs.c,3,1,4
/media/ullmann/hdd/research/engines/Urho3D/Source/Urho3D/Core/StringHashRegister.h,3,4,7
/media/ullmann/hdd/research/engines/Urho3D/Source/Urho3D/Container/Ptr.h,2,22,24
/media/ullmann/hdd/research/engines/Urho3D/Source/ThirdParty/SDL/src/video/windows/SDL_windowsvulkan.h,3,2,5
/media/ullmann/hdd/research/engines/Urho3D/Source/Urho3D/Physics2D/Physics2D.h,0,3,3
/media/ullmann/hdd/research/engines/Urho3D/Source/Urho3D/GraphicsAPI/Direct3D11/D3D11GraphicsImpl.cpp,4,0,4
/media/ullmann/hdd/research/engines/Urho3D/Source/ThirdParty/SLikeNet/Source/DS_ByteQueue.h,1,0,1
/media/ullmann/hdd/research/engines/Urho3D/Source/ThirdParty/SLikeNet/Source/include/slikenet/DS_ByteQueue.h,2,4,6
/media/ullmann/hdd/research/engines/Urho3D/Source/ThirdParty/Assimp/code/ASEParser.h,3,1,4
/media/ullmann/hdd/research/engines/Urho3D/Source/ThirdParty/Assimp/code/3DSLoader.h,3,5,8
/media/ullmann/hdd/research/engines/Urho3D/Source/ThirdParty/FreeType/src/otvalid/otvmod.c,3,1,4
/media/ullmann/hdd/research/engines/Urho3D/Source/Urho3D/Network/Network.cpp,17,0,17
/media/ullmann/hdd/research/engines/Urho3D/Source/ThirdParty/SDL/src/filesystem/haiku/SDL_sysfilesystem.cc,1,0,1
/media/ullmann/hdd/research/engines/Urho3D/Source/Urho3D/AngelScript/ScriptAPI.cpp,6,0,6
/media/ullmann/hdd/research/engines/Urho3D/include/Urho3D/UI/UI.h,4,2,6
/media/ullmann/hdd/research/engines/Urho3D/include/Urho3D/UI/UIBatch.h,4,3,7
/media/ullmann/hdd/research/engines/Urho3D/Source/ThirdParty/SLikeNet/Source/DataCompressor.h,1,0,1
/media/ullmann/hdd/research/engines/Urho3D/Source/ThirdParty/SLikeNet/Source/include/slikenet/DataCompressor.h,3,2,5
/media/ullmann/hdd/research/engines/Urho3D/Source/ThirdParty/SDL/src/thread/generic/SDL_systls.c,2,0,2
/media/ullmann/hdd/research/engines/Urho3D/Source/Urho3D/UI/Text.h,1,14,15
/media/ullmann/hdd/research/engines/Urho3D/Source/ThirdParty/LuaJIT/src/lj_str.c,5,1,6
/media/ullmann/hdd/research/engines/Urho3D/Source/ThirdParty/LuaJIT/src/lj_str.h,1,30,31
/media/ullmann/hdd/research/engines/Urho3D/Source/ThirdParty/WebP/src/dsp/dec_sse2.c,4,0,4
/media/ullmann/hdd/research/engines/Urho3D/Source/Urho3D/GraphicsAPI/Direct3D9/D3D9Texture.cpp,9,0,9
/media/ullmann/hdd/research/engines/Urho3D/Source/ThirdParty/LuaJIT/src/lj_parse.c,16,1,17
/media/ullmann/hdd/research/engines/Urho3D/include/Urho3D/ThirdParty/SDL/close_code.h,0,42,42
/media/ullmann/hdd/research/engines/Urho3D/script/build/include/Urho3D/Graphics/Tangent.h,1,1,2
/media/ullmann/hdd/research/engines/Urho3D/include/Urho3D/Physics/PhysicsEvents.h,1,1,2
/media/ullmann/hdd/research/engines/Urho3D/Source/ThirdParty/SDL/include/SDL_shape.h,7,1,8
/media/ullmann/hdd/research/engines/Urho3D/Source/ThirdParty/WebP/src/utils/huffman_utils.h,2,3,5
/media/ullmann/hdd/research/engines/Urho3D/Source/ThirdParty/WebP/src/webp/format_constants.h,0,14,14
/media/ullmann/hdd/research/engines/Urho3D/Source/Urho3D/UI/CheckBox.h,1,4,5
/media/ullmann/hdd/research/engines/Urho3D/Source/Urho3D/Physics2D/ConstraintMotor2D.cpp,6,0,6
/media/ullmann/hdd/research/engines/Urho3D/Source/ThirdParty/Assimp/code/Subdivision.cpp,4,0,4
/media/ullmann/hdd/research/engines/Urho3D/Source/ThirdParty/Assimp/code/Vertex.h,0,2,2
/media/ullmann/hdd/research/engines/Urho3D/include/Urho3D/ThirdParty/slikenet/GetTime.h,0,28,28
/media/ullmann/hdd/research/engines/Urho3D/Source/ThirdParty/SLikeNet/Source/slikenet/XBox360Includes.h,1,0,1
/media/ullmann/hdd/research/engines/Urho3D/Source/ThirdParty/SLikeNet/Source/include/slikenet/XBox360Includes.h,0,3,3
/media/ullmann/hdd/research/engines/Urho3D/Source/Urho3D/Math/Sphere.h,1,4,5
/media/ullmann/hdd/research/engines/Urho3D/Source/Urho3D/GraphicsAPI/Texture.h,4,14,18
/media/ullmann/hdd/research/engines/Urho3D/Source/Urho3D/Graphics/Drawable.cpp,14,0,14
/media/ullmann/hdd/research/engines/Urho3D/Source/Urho3D/UI/Text3D.cpp,14,0,14
/media/ullmann/hdd/research/engines/Urho3D/Source/ThirdParty/SDL/src/thread/windows/SDL_sysmutex.c,2,0,2
/media/ullmann/hdd/research/engines/Urho3D/Source/Urho3D/Graphics/DebugRenderer.cpp,14,0,14
/media/ullmann/hdd/research/engines/Urho3D/Source/ThirdParty/LuaJIT/src/lj_ir.h,1,19,20
/media/ullmann/hdd/research/engines/Urho3D/script/build/include/Urho3D/ThirdParty/SDL/SDL_joystick.h,4,4,8
/media/ullmann/hdd/research/engines/Urho3D/script/build/include/Urho3D/ThirdParty/SDL/SDL_stdinc.h,3,41,44
/media/ullmann/hdd/research/engines/Urho3D/Source/Urho3D/Physics2D/ConstraintRevolute2D.cpp,6,0,6
/media/ullmann/hdd/research/engines/Urho3D/include/Urho3D/AngelScript/Manual_Container.h,0,1,1
/media/ullmann/hdd/research/engines/Urho3D/Source/ThirdParty/SDL/src/joystick/hidapi/SDL_hidapijoystick.c,5,0,5
/media/ullmann/hdd/research/engines/Urho3D/Source/ThirdParty/SLikeNet/Source/src/CCRakNetUDT.cpp,5,0,5
/media/ullmann/hdd/research/engines/Urho3D/include/Urho3D/ThirdParty/slikenet/alloca.h,0,7,7
/media/ullmann/hdd/research/engines/Urho3D/Source/ThirdParty/FreeType/src/base/ftadvanc.c,0,1,1
/media/ullmann/hdd/research/engines/Urho3D/Source/ThirdParty/SDL/src/video/SDL_video.c,13,0,13
/media/ullmann/hdd/research/engines/Urho3D/Source/ThirdParty/Lua/src/linit.c,3,0,3
/media/ullmann/hdd/research/engines/Urho3D/Source/ThirdParty/SDL/src/video/windows/SDL_windowsshape.c,3,0,3
/media/ullmann/hdd/research/engines/Urho3D/Source/Urho3D/Math/Random.cpp,3,0,3
/media/ullmann/hdd/research/engines/Urho3D/Source/ThirdParty/Assimp/code/DefaultProgressHandler.h,0,1,1
/media/ullmann/hdd/research/engines/Urho3D/Source/ThirdParty/SDL/src/render/SDL_render.c,4,0,4
/media/ullmann/hdd/research/engines/Urho3D/Source/Urho3D/Graphics/Skeleton.cpp,4,0,4
/media/ullmann/hdd/research/engines/Urho3D/Source/Urho3D/Graphics/Skeleton.h,2,6,8
/media/ullmann/hdd/research/engines/Urho3D/Source/ThirdParty/SDL/src/video/cocoa/SDL_cocoawindow.h,2,1,3
/media/ullmann/hdd/research/engines/Urho3D/Source/ThirdParty/SDL/src/video/SDL_egl_c.h,2,19,21
/media/ullmann/hdd/research/engines/Urho3D/Source/ThirdParty/Box2D/src/collision/b2_collision.cpp,2,0,2
/media/ullmann/hdd/research/engines/Urho3D/include/Urho3D/ThirdParty/box2d/b2_distance.h,0,4,4
/media/ullmann/hdd/research/engines/Urho3D/Source/ThirdParty/WebP/src/mux/anim_encode.c,6,0,6
/media/ullmann/hdd/research/engines/Urho3D/Source/ThirdParty/LuaJIT/src/lj_alloc.c,3,1,4
/media/ullmann/hdd/research/engines/Urho3D/Source/ThirdParty/LuaJIT/src/lj_arch.h,1,6,7
/media/ullmann/hdd/research/engines/Urho3D/Source/ThirdParty/SDL/src/core/linux/SDL_ime.c,3,0,3
/media/ullmann/hdd/research/engines/Urho3D/Source/ThirdParty/SDL/src/core/linux/SDL_ime.h,1,2,3
/media/ullmann/hdd/research/engines/Urho3D/Source/Urho3D/GraphicsAPI/Direct3D11/D3D11ShaderVariation.cpp,10,0,10
/media/ullmann/hdd/research/engines/Urho3D/Source/Samples/42_PBRMaterials/PBRMaterials.h,1,1,2
/media/ullmann/hdd/research/engines/Urho3D/Source/Urho3D/Math/BigInt.cpp,4,0,4
/media/ullmann/hdd/research/engines/Urho3D/Source/Urho3D/Math/BigInt.h,3,2,5
/media/ullmann/hdd/research/engines/Urho3D/Source/Urho3D/Resource/XMLElement.h,4,9,13
/media/ullmann/hdd/research/engines/Urho3D/Source/Urho3D/Math/Rect.h,1,13,14
/media/ullmann/hdd/research/engines/Urho3D/Source/ThirdParty/LuaJIT/src/lj_opt_split.c,8,1,9
/media/ullmann/hdd/research/engines/Urho3D/Source/ThirdParty/LuaJIT/src/lj_ircall.h,3,9,12
/media/ullmann/hdd/research/engines/Urho3D/Source/Urho3D/AngelScript/ScriptInstance.cpp,16,0,16
/media/ullmann/hdd/research/engines/Urho3D/Source/ThirdParty/Assimp/code/FBXUtil.cpp,3,0,3
/media/ullmann/hdd/research/engines/Urho3D/Source/ThirdParty/Assimp/code/FBXUtil.h,2,8,10
/media/ullmann/hdd/research/engines/Urho3D/Source/ThirdParty/SDL/src/joystick/windows/SDL_mmjoystick.c,4,0,4
/media/ullmann/hdd/research/engines/Urho3D/Source/ThirdParty/Assimp/contrib/rapidjson/include/rapidjson/internal/dtoa.h,3,1,4
/media/ullmann/hdd/research/engines/Urho3D/Source/ThirdParty/Assimp/contrib/rapidjson/include/rapidjson/internal/diyfp.h,1,2,3
/media/ullmann/hdd/research/engines/Urho3D/Source/Urho3D/Core/Context.cpp,5,0,5
/media/ullmann/hdd/research/engines/Urho3D/Source/Urho3D/Graphics/ParticleEmitter.cpp,11,0,11
/media/ullmann/hdd/research/engines/Urho3D/Source/Urho3D/Graphics/DrawableEvents.h,1,6,7
/media/ullmann/hdd/research/engines/Urho3D/script/build/include/Urho3D/AngelScript/APITemplates.h,19,3,22
/media/ullmann/hdd/research/engines/Urho3D/Source/ThirdParty/Assimp/code/FBXNodeAttribute.cpp,4,0,4
/media/ullmann/hdd/research/engines/Urho3D/Source/ThirdParty/SLikeNet/Source/src/TwoWayAuthentication.cpp,7,0,7
/media/ullmann/hdd/research/engines/Urho3D/Source/Urho3D/GraphicsAPI/IndexBuffer.cpp,5,0,5
/media/ullmann/hdd/research/engines/Urho3D/include/Urho3D/ThirdParty/SDL/SDL_audio.h,8,1,9
/media/ullmann/hdd/research/engines/Urho3D/Source/Urho3D/Physics/CollisionShape.h,4,6,10
/media/ullmann/hdd/research/engines/Urho3D/Source/ThirdParty/AngelScript/source/as_objecttype.cpp,4,0,4
/media/ullmann/hdd/research/engines/Urho3D/Source/ThirdParty/AngelScript/source/as_callfunc_x64_mingw.cpp,5,0,5
/media/ullmann/hdd/research/engines/Urho3D/Source/ThirdParty/SLikeNet/Source/include/slikenet/peer.h,16,2,18
/media/ullmann/hdd/research/engines/Urho3D/Source/ThirdParty/SLikeNet/Source/include/slikenet/peerinterface.h,7,3,10
/media/ullmann/hdd/research/engines/Urho3D/Source/Urho3D/Physics2D/CollisionBox2D.h,1,3,4
/media/ullmann/hdd/research/engines/Urho3D/Source/ThirdParty/Lua/src/lundump.h,2,6,8
/media/ullmann/hdd/research/engines/Urho3D/Source/ThirdParty/Bullet/src/BulletCollision/BroadphaseCollision/btAxisSweep3.h,6,2,8
/media/ullmann/hdd/research/engines/Urho3D/Source/ThirdParty/SDL/src/video/directfb/SDL_DirectFB_modes.h,1,6,7
/media/ullmann/hdd/research/engines/Urho3D/Source/Urho3D/Scene/ValueAnimationInfo.h,4,5,9
/media/ullmann/hdd/research/engines/Urho3D/Source/Urho3D/Container/Vector.h,1,9,10
/media/ullmann/hdd/research/engines/Urho3D/Source/Urho3D/Container/RefCounted.cpp,3,0,3
/media/ullmann/hdd/research/engines/Urho3D/Source/Urho3D/Container/RefCounted.h,1,14,15
/media/ullmann/hdd/research/engines/Urho3D/Source/Urho3D/AngelScript/Manual_Navigation.h,4,2,6
/media/ullmann/hdd/research/engines/Urho3D/Source/Urho3D/Navigation/CrowdManager.h,1,4,5
/media/ullmann/hdd/research/engines/Urho3D/Source/ThirdParty/Assimp/include/assimp/matrix3x3.h,1,1,2
/media/ullmann/hdd/research/engines/Urho3D/Source/Urho3D/Math/StringHash.h,2,9,11
/media/ullmann/hdd/research/engines/Urho3D/include/Urho3D/AngelScript/Manual_Physics2D.h,4,1,5
/media/ullmann/hdd/research/engines/Urho3D/include/Urho3D/Physics2D/RigidBody2D.h,1,2,3
/media/ullmann/hdd/research/engines/Urho3D/Source/ThirdParty/Tracy/TracyOpenGL.hpp,5,0,5
/media/ullmann/hdd/research/engines/Urho3D/Source/ThirdParty/SDL/src/hidapi/linux/hid.cpp,1,0,1
/media/ullmann/hdd/research/engines/Urho3D/Source/ThirdParty/SDL/src/hidapi/hidapi/hidapi.h,0,4,4
/media/ullmann/hdd/research/engines/Urho3D/Source/Urho3D/AngelScript/Manual_Network.h,2,2,4
/media/ullmann/hdd/research/engines/Urho3D/Source/ThirdParty/Assimp/code/X3DImporter_Light.cpp,3,0,3
/media/ullmann/hdd/research/engines/Urho3D/Source/ThirdParty/Assimp/code/X3DImporter_Macro.hpp,0,10,10
/media/ullmann/hdd/research/engines/Urho3D/script/build/include/Urho3D/ThirdParty/SDL/SDL_gesture.h,6,1,7
/media/ullmann/hdd/research/engines/Urho3D/Source/Urho3D/IO/Log.cpp,11,0,11
/media/ullmann/hdd/research/engines/Urho3D/Source/Urho3D/Network/NetworkEvents.h,1,2,3
/media/ullmann/hdd/research/engines/Urho3D/Source/ThirdParty/FreeType/src/cff/cffobjs.h,1,5,6
/media/ullmann/hdd/research/engines/Urho3D/Source/Urho3D/AngelScript/Manual_Engine.cpp,5,0,5
/media/ullmann/hdd/research/engines/Urho3D/Source/ThirdParty/FreeType/src/cff/cf2blues.c,4,1,5
/media/ullmann/hdd/research/engines/Urho3D/Source/ThirdParty/FreeType/src/cff/cf2hints.h,0,4,4
/media/ullmann/hdd/research/engines/Urho3D/Source/ThirdParty/Assimp/code/XFileParser.cpp,8,0,8
/media/ullmann/hdd/research/engines/Urho3D/Source/ThirdParty/Assimp/code/XFileParser.h,0,2,2
/media/ullmann/hdd/research/engines/Urho3D/script/build/include/Urho3D/Physics/Constraint.h,2,1,3
/media/ullmann/hdd/research/engines/Urho3D/Source/ThirdParty/LibCpuId/src/rdtsc.c,4,0,4
/media/ullmann/hdd/research/engines/Urho3D/Source/ThirdParty/LibCpuId/src/asm-bits.h,1,5,6
/media/ullmann/hdd/research/engines/Urho3D/include/Urho3D/ThirdParty/ik/ik.h,3,0,3
/media/ullmann/hdd/research/engines/Urho3D/include/Urho3D/ThirdParty/ik/node.h,4,12,16
/media/ullmann/hdd/research/engines/Urho3D/Source/ThirdParty/Box2D/include/box2d/b2_time_step.h,2,2,4
/media/ullmann/hdd/research/engines/Urho3D/Source/Urho3D/IO/Deserializer.cpp,3,0,3
/media/ullmann/hdd/research/engines/Urho3D/Source/Samples/52_NATPunchtrough/NATPunchtrough.h,1,1,2
/media/ullmann/hdd/research/engines/Urho3D/Source/Tools/BindingGenerator/ASGlobalFunctionBinder.cpp,6,0,6
/media/ullmann/hdd/research/engines/Urho3D/Source/Tools/BindingGenerator/XmlAnalyzer.h,2,8,10
/media/ullmann/hdd/research/engines/Urho3D/Source/ThirdParty/Assimp/contrib/zlib/zlib.h,1,9,10
/media/ullmann/hdd/research/engines/Urho3D/Source/ThirdParty/Assimp/code/FBXProperties.cpp,5,0,5
/media/ullmann/hdd/research/engines/Urho3D/Source/ThirdParty/Assimp/code/FBXTokenizer.h,1,8,9
/media/ullmann/hdd/research/engines/Urho3D/include/Urho3D/UI/ScrollBar.h,1,1,2
/media/ullmann/hdd/research/engines/Urho3D/Source/ThirdParty/Bullet/src/BulletDynamics/ConstraintSolver/btGeneric6DofSpring2Constraint.h,2,3,5
/media/ullmann/hdd/research/engines/Urho3D/Source/ThirdParty/Bullet/src/BulletDynamics/ConstraintSolver/btTypedConstraint.h,1,11,12
/media/ullmann/hdd/research/engines/Urho3D/Source/ThirdParty/SLikeNet/Source/include/slikenet/UDPProxyClient.h,5,2,7
/media/ullmann/hdd/research/engines/Urho3D/Source/ThirdParty/FreeType/src/sfnt/sfdriver.c,11,1,12
/media/ullmann/hdd/research/engines/Urho3D/Source/ThirdParty/FreeType/src/sfnt/sfdriver.h,0,1,1
/media/ullmann/hdd/research/engines/Urho3D/script/build/include/Urho3D/Scene/AnimationDefs.h,0,3,3
/media/ullmann/hdd/research/engines/Urho3D/script/build/include/Urho3D/Urho2D/Drawable2D.h,3,4,7
/media/ullmann/hdd/research/engines/Urho3D/script/build/include/Urho3D/GraphicsAPI/GraphicsDefs.h,4,27,31
/media/ullmann/hdd/research/engines/Urho3D/include/Urho3D/Urho2D/SpriteSheet2D.h,1,1,2
/media/ullmann/hdd/research/engines/Urho3D/Source/ThirdParty/SLikeNet/Source/src/DS_BytePool.cpp,2,0,2
/media/ullmann/hdd/research/engines/Urho3D/include/Urho3D/ThirdParty/slikenet/DS_BytePool.h,0,1,1
/media/ullmann/hdd/research/engines/Urho3D/Source/ThirdParty/Assimp/code/UnrealLoader.cpp,5,0,5
/media/ullmann/hdd/research/engines/Urho3D/Source/ThirdParty/Assimp/code/ParsingUtils.h,2,35,37
/media/ullmann/hdd/research/engines/Urho3D/Source/ThirdParty/SDL/src/core/linux/SDL_ibus.h,1,2,3
/media/ullmann/hdd/research/engines/Urho3D/script/build/include/Urho3D/Physics2D/ConstraintGear2D.h,1,1,2
/media/ullmann/hdd/research/engines/Urho3D/script/build/include/Urho3D/Physics2D/Constraint2D.h,1,11,12
/media/ullmann/hdd/research/engines/Urho3D/Source/ThirdParty/LuaJIT/src/lj_bcread.c,14,1,15
/media/ullmann/hdd/research/engines/Urho3D/Source/ThirdParty/FreeType/src/psaux/psconv.c,2,1,3
/media/ullmann/hdd/research/engines/Urho3D/Source/ThirdParty/FreeType/src/psaux/psconv.h,0,3,3
/media/ullmann/hdd/research/engines/Urho3D/Source/ThirdParty/SLikeNet/Source/include/slikenet/FileList.h,7,3,10
/media/ullmann/hdd/research/engines/Urho3D/include/Urho3D/Math/MathDefs.h,1,10,11
/media/ullmann/hdd/research/engines/Urho3D/Source/ThirdParty/SLikeNet/Source/RakAssert.h,1,0,1
/media/ullmann/hdd/research/engines/Urho3D/Source/ThirdParty/SLikeNet/Source/include/slikenet/assert.h,1,16,17
/media/ullmann/hdd/research/engines/Urho3D/script/build/include/Urho3D/Graphics/Light.h,4,3,7
/media/ullmann/hdd/research/engines/Urho3D/Source/Samples/07_Billboards/Billboards.cpp,1,0,1
/media/ullmann/hdd/research/engines/Urho3D/Source/Samples/07_Billboards/Billboards.h,1,1,2
/media/ullmann/hdd/research/engines/Urho3D/Source/ThirdParty/Box2D/src/dynamics/b2_edge_circle_contact.cpp,3,0,3
/media/ullmann/hdd/research/engines/Urho3D/Source/ThirdParty/Box2D/src/dynamics/b2_edge_circle_contact.h,1,2,3
/media/ullmann/hdd/research/engines/Urho3D/Source/ThirdParty/SDL/src/video/emscripten/SDL_emscriptenframebuffer.c,3,0,3
/media/ullmann/hdd/research/engines/Urho3D/Source/ThirdParty/SLikeNet/Source/src/RakNetCommandParser.cpp,6,0,6
/media/ullmann/hdd/research/engines/Urho3D/include/Urho3D/ThirdParty/slikenet/commandparser.h,0,1,1
/media/ullmann/hdd/research/engines/Urho3D/Source/ThirdParty/AngelScript/source/as_bytecode.cpp,6,0,6
/media/ullmann/hdd/research/engines/Urho3D/Source/ThirdParty/AngelScript/source/as_bytecode.h,2,7,9
/media/ullmann/hdd/research/engines/Urho3D/Source/Urho3D/Audio/Sound.cpp,10,0,10
/media/ullmann/hdd/research/engines/Urho3D/Source/ThirdParty/LuaJIT/src/lj_dispatch.c,20,1,21
/media/ullmann/hdd/research/engines/Urho3D/Source/ThirdParty/SDL/src/video/SDL_blit_slow.c,3,0,3
/media/ullmann/hdd/research/engines/Urho3D/Source/Urho3D/Graphics/Octree.cpp,13,0,13
/media/ullmann/hdd/research/engines/Urho3D/Source/Tools/BindingGenerator/ASGlobalVariableBinder.cpp,6,0,6
/media/ullmann/hdd/research/engines/Urho3D/Source/Tools/BindingGenerator/ASResult.h,0,5,5
/media/ullmann/hdd/research/engines/Urho3D/Source/ThirdParty/SLikeNet/Source/src/VariadicSQLParser.cpp,2,0,2
/media/ullmann/hdd/research/engines/Urho3D/Source/ThirdParty/WebP/src/dec/webp_dec.c,5,0,5
/media/ullmann/hdd/research/engines/Urho3D/Source/ThirdParty/WebP/src/dsp/yuv_mips32.c,2,0,2
/media/ullmann/hdd/research/engines/Urho3D/Source/ThirdParty/SDL/src/SDL_error.c,2,0,2
/media/ullmann/hdd/research/engines/Urho3D/Source/ThirdParty/SLikeNet/Source/include/slikenet/FileListNodeContext.h,1,5,6
/media/ullmann/hdd/research/engines/Urho3D/Source/ThirdParty/SDL/src/libm/k_cos.c,2,0,2
/media/ullmann/hdd/research/engines/Urho3D/Source/ThirdParty/Civetweb/src/civetweb.c,2,0,2
/media/ullmann/hdd/research/engines/Urho3D/Source/ThirdParty/Civetweb/src/md5.inl,0,1,1
/media/ullmann/hdd/research/engines/Urho3D/Source/ThirdParty/SDL/src/video/windows/SDL_windowsclipboard.c,4,0,4
/media/ullmann/hdd/research/engines/Urho3D/Source/ThirdParty/SDL/src/events/SDL_clipboardevents_c.h,1,3,4
/media/ullmann/hdd/research/engines/Urho3D/script/build/include/Urho3D/ThirdParty/SDL/SDL_error.h,3,19,22
/media/ullmann/hdd/research/engines/Urho3D/Source/ThirdParty/SDL/src/libm/s_scalbn.c,2,0,2
/media/ullmann/hdd/research/engines/Urho3D/Source/ThirdParty/SDL/src/video/android/SDL_androidclipboard.c,4,0,4
/media/ullmann/hdd/research/engines/Urho3D/script/build/include/Urho3D/ThirdParty/SDL/SDL_log.h,3,1,4
/media/ullmann/hdd/research/engines/Urho3D/Source/ThirdParty/SLikeNet/Source/src/FileList.cpp,12,0,12
/media/ullmann/hdd/research/engines/Urho3D/include/Urho3D/ThirdParty/slikenet/DS_Queue.h,0,4,4
/media/ullmann/hdd/research/engines/Urho3D/Source/ThirdParty/Box2D/src/common/b2_stack_allocator.cpp,2,0,2
/media/ullmann/hdd/research/engines/Urho3D/include/Urho3D/ThirdParty/box2d/b2_math.h,0,4,4
/media/ullmann/hdd/research/engines/Urho3D/Source/Urho3D/GraphicsAPI/Direct3D11/D3D11Graphics.cpp,21,0,21
/media/ullmann/hdd/research/engines/Urho3D/Source/ThirdParty/SDL/src/thread/pthread/SDL_systhread.c,5,0,5
/media/ullmann/hdd/research/engines/Urho3D/Source/ThirdParty/ik/src/solver_FABRIK.c,7,0,7
/media/ullmann/hdd/research/engines/Urho3D/include/Urho3D/ThirdParty/ik/constraint.h,1,3,4
/media/ullmann/hdd/research/engines/Urho3D/include/Urho3D/ThirdParty/slikenet/LinuxStrings.h,0,11,11
/media/ullmann/hdd/research/engines/Urho3D/Source/ThirdParty/Bullet/src/BulletCollision/CollisionShapes/btHeightfieldTerrainShape.cpp,1,0,1
/media/ullmann/hdd/research/engines/Urho3D/Source/ThirdParty/Bullet/src/BulletCollision/CollisionShapes/btHeightfieldTerrainShape.h,1,1,2
/media/ullmann/hdd/research/engines/Urho3D/Source/ThirdParty/SDL/src/video/SDL_blit_1.c,3,0,3
/media/ullmann/hdd/research/engines/Urho3D/Source/ThirdParty/Assimp/code/OpenGEXImporter.h,1,2,3
/media/ullmann/hdd/research/engines/Urho3D/Source/ThirdParty/SLikeNet/Source/include/slikenet/DS_BPlusTree.h,5,4,9
/media/ullmann/hdd/research/engines/Urho3D/script/build/include/Urho3D/Math/Ray.h,2,5,7
/media/ullmann/hdd/research/engines/Urho3D/Source/ThirdParty/ik/include/ik/effector.h,3,0,3
/media/ullmann/hdd/research/engines/Urho3D/include/Urho3D/Scene/SplinePath.h,9,1,10
/media/ullmann/hdd/research/engines/Urho3D/Source/ThirdParty/Bullet/src/BulletCollision/CollisionShapes/btCylinderShape.h,1,3,4
/media/ullmann/hdd/research/engines/Urho3D/Source/ThirdParty/SDL/src/video/yuv2rgb/yuv_rgb.c,4,0,4
/media/ullmann/hdd/research/engines/Urho3D/Source/Urho3D/IK/IKSolver.h,1,5,6
/media/ullmann/hdd/research/engines/Urho3D/Source/Urho3D/Container/Iter.h,1,1,2
/media/ullmann/hdd/research/engines/Urho3D/Source/Urho3D/Base/PrimitiveTypes.h,0,3,3
/media/ullmann/hdd/research/engines/Urho3D/Source/ThirdParty/FreeType/src/pfr/pfrload.c,2,1,3
/media/ullmann/hdd/research/engines/Urho3D/Source/ThirdParty/FreeType/src/pfr/pfrload.h,1,4,5
/media/ullmann/hdd/research/engines/Urho3D/Source/ThirdParty/AngelScript/source/as_callfunc_arm.cpp,6,0,6
/media/ullmann/hdd/research/engines/Urho3D/include/Urho3D/Database/SQLite/SQLiteConnection.h,2,1,3
/media/ullmann/hdd/research/engines/Urho3D/Source/ThirdParty/SLikeNet/Source/src/PacketLogger.cpp,14,0,14
/media/ullmann/hdd/research/engines/Urho3D/include/Urho3D/ThirdParty/slikenet/DS_List.h,0,2,2
/media/ullmann/hdd/research/engines/Urho3D/Source/ThirdParty/SLikeNet/Source/src/UDPProxyServer.cpp,6,0,6
/media/ullmann/hdd/research/engines/Urho3D/Source/ThirdParty/SLikeNet/Source/include/slikenet/TeamBalancer.h,6,2,8
/media/ullmann/hdd/research/engines/Urho3D/include/Urho3D/Scene/ObjectAnimation.h,2,1,3
/media/ullmann/hdd/research/engines/Urho3D/include/Urho3D/Scene/AnimationDefs.h,0,3,3
/media/ullmann/hdd/research/engines/Urho3D/Source/ThirdParty/FreeType/src/pfr/pfrobjs.c,6,1,7
/media/ullmann/hdd/research/engines/Urho3D/Source/ThirdParty/FreeType/src/pfr/pfrgload.h,1,2,3
/media/ullmann/hdd/research/engines/Urho3D/Source/Urho3D/AngelScript/Generated_GlobalVariables.cpp,3,0,3
/media/ullmann/hdd/research/engines/Urho3D/Source/ThirdParty/SDL/src/events/SDL_keyboard.c,3,0,3
/media/ullmann/hdd/research/engines/Urho3D/include/Urho3D/Input/Input.h,7,2,9
/media/ullmann/hdd/research/engines/Urho3D/Source/ThirdParty/SDL/src/video/x11/SDL_x11opengl.h,1,2,3
/media/ullmann/hdd/research/engines/Urho3D/Source/ThirdParty/SLikeNet/Source/MTUSize.h,1,0,1
/media/ullmann/hdd/research/engines/Urho3D/Source/ThirdParty/SLikeNet/Source/include/slikenet/MTUSize.h,0,6,6
/media/ullmann/hdd/research/engines/Urho3D/Source/Urho3D/Input/InputEvents.h,2,14,16
/media/ullmann/hdd/research/engines/Urho3D/Source/Samples/10_RenderToTexture/RenderToTexture.cpp,2,0,2
/media/ullmann/hdd/research/engines/Urho3D/Source/Samples/10_RenderToTexture/RenderToTexture.h,1,1,2
/media/ullmann/hdd/research/engines/Urho3D/Source/Urho3D/Physics2D/CollisionCircle2D.cpp,5,0,5
/media/ullmann/hdd/research/engines/Urho3D/Source/ThirdParty/SLikeNet/Source/include/slikenet/DS_QueueLinkedList.h,3,3,6
/media/ullmann/hdd/research/engines/Urho3D/Source/ThirdParty/Tracy/libbacktrace/macho.cpp,3,1,4
/media/ullmann/hdd/research/engines/Urho3D/Source/ThirdParty/Tracy/libbacktrace/backtrace.hpp,0,10,10
/media/ullmann/hdd/research/engines/Urho3D/script/build/include/Urho3D/ThirdParty/ik/backtrace.h,1,0,1
/media/ullmann/hdd/research/engines/Urho3D/include/Urho3D/AngelScript/Manual_Physics.h,5,1,6
/media/ullmann/hdd/research/engines/Urho3D/include/Urho3D/Physics/PhysicsWorld.h,6,2,8
/media/ullmann/hdd/research/engines/Urho3D/Source/ThirdParty/SDL/src/video/winrt/SDL_winrtmouse.cpp,7,0,7
/media/ullmann/hdd/research/engines/Urho3D/Source/ThirdParty/SDL/src/SDL_dataqueue.c,2,0,2
/media/ullmann/hdd/research/engines/Urho3D/Source/ThirdParty/Bullet/src/BulletDynamics/Featherstone/btMultiBodyDynamicsWorld.cpp,5,0,5
/media/ullmann/hdd/research/engines/Urho3D/Source/ThirdParty/Bullet/src/BulletDynamics/Featherstone/btMultiBody.h,1,8,9
/media/ullmann/hdd/research/engines/Urho3D/Source/ThirdParty/Assimp/code/BlenderTessellator.h,2,2,4
/media/ullmann/hdd/research/engines/Urho3D/Source/ThirdParty/Assimp/code/NFFLoader.h,1,2,3
/media/ullmann/hdd/research/engines/Urho3D/Source/ThirdParty/Lua/src/loslib.c,3,0,3
/media/ullmann/hdd/research/engines/Urho3D/Source/Urho3D/Graphics/Light.h,4,5,9
/media/ullmann/hdd/research/engines/Urho3D/Source/ThirdParty/SDL/src/render/opengles2/SDL_shaders_gles2.c,2,0,2
/media/ullmann/hdd/research/engines/Urho3D/Source/ThirdParty/SDL/src/render/opengles2/SDL_shaders_gles2.h,1,2,3
/media/ullmann/hdd/research/engines/Urho3D/Source/ThirdParty/Assimp/code/ImproveCacheLocality.h,1,2,3
/media/ullmann/hdd/research/engines/Urho3D/Source/ThirdParty/SDL/src/audio/haiku/SDL_haikuaudio.h,2,1,3
/media/ullmann/hdd/research/engines/Urho3D/Source/ThirdParty/SLikeNet/Source/src/RakNetTransport2.cpp,8,0,8
/media/ullmann/hdd/research/engines/Urho3D/include/Urho3D/ThirdParty/slikenet/linux_adapter.h,0,33,33
/media/ullmann/hdd/research/engines/Urho3D/Source/ThirdParty/Lua/src/ldebug.h,1,12,13
/media/ullmann/hdd/research/engines/Urho3D/Source/ThirdParty/SDL/src/video/SDL_blit_copy.c,3,0,3
/media/ullmann/hdd/research/engines/Urho3D/Source/ThirdParty/SDL/src/video/SDL_blit_copy.h,0,2,2
/media/ullmann/hdd/research/engines/Urho3D/Source/ThirdParty/Assimp/contrib/rapidjson/include/rapidjson/allocators.h,1,3,4
/media/ullmann/hdd/research/engines/Urho3D/Source/ThirdParty/AngelScript/source/as_callfunc_xenon.cpp,6,0,6
/media/ullmann/hdd/research/engines/Urho3D/script/build/include/Urho3D/ThirdParty/ik/solver_jacobian_transpose.h,1,0,1
/media/ullmann/hdd/research/engines/Urho3D/Source/ThirdParty/SDL/src/core/linux/SDL_evdev.c,6,0,6
/media/ullmann/hdd/research/engines/Urho3D/Source/ThirdParty/SDL/src/core/linux/SDL_evdev.h,1,6,7
/media/ullmann/hdd/research/engines/Urho3D/Source/ThirdParty/Box2D/src/dynamics/b2_motor_joint.cpp,3,0,3
/media/ullmann/hdd/research/engines/Urho3D/include/Urho3D/ThirdParty/box2d/b2_time_step.h,0,12,12
/media/ullmann/hdd/research/engines/Urho3D/Source/ThirdParty/ik/include/ik/ik.h,3,0,3
/media/ullmann/hdd/research/engines/Urho3D/include/Urho3D/ThirdParty/ik/solver.h,5,17,22
/media/ullmann/hdd/research/engines/Urho3D/Source/ThirdParty/SDL/src/video/windows/SDL_windowsevents.c,8,0,8
/media/ullmann/hdd/research/engines/Urho3D/Source/Urho3D/Core/Mutex.h,1,20,21
/media/ullmann/hdd/research/engines/Urho3D/Source/ThirdParty/Assimp/code/FBXDocumentUtil.h,2,9,11
/media/ullmann/hdd/research/engines/Urho3D/Source/ThirdParty/Bullet/src/BulletCollision/CollisionShapes/btBoxShape.cpp,1,0,1
/media/ullmann/hdd/research/engines/Urho3D/script/build/include/Urho3D/Urho2D/StretchableSprite2D.h,1,1,2
/media/ullmann/hdd/research/engines/Urho3D/include/Urho3D/Audio/SoundSource.h,2,3,5
/media/ullmann/hdd/research/engines/Urho3D/Source/ThirdParty/SDL/src/video/wayland/SDL_waylandtouch.c,3,0,3
/media/ullmann/hdd/research/engines/Urho3D/Source/ThirdParty/FreeType/src/sfnt/sfobjs.h,0,2,2
/media/ullmann/hdd/research/engines/Urho3D/Source/ThirdParty/LuaJIT/src/lj_ffrecord.h,2,4,6
/media/ullmann/hdd/research/engines/Urho3D/Source/ThirdParty/SDL/src/core/winrt/SDL_winrtapp_direct3d.h,0,5,5
/media/ullmann/hdd/research/engines/Urho3D/Source/ThirdParty/LuaJIT/src/lib_bit.c,14,1,15
/media/ullmann/hdd/research/engines/Urho3D/Source/ThirdParty/Assimp/code/MD5Loader.cpp,5,0,5
/media/ullmann/hdd/research/engines/Urho3D/Source/ThirdParty/Assimp/code/RemoveComments.h,0,4,4
/media/ullmann/hdd/research/engines/Urho3D/Source/ThirdParty/LuaJIT/src/lj_asm.c,25,1,26
/media/ullmann/hdd/research/engines/Urho3D/Source/ThirdParty/LuaJIT/src/lj_asm_ppc.h,0,1,1
/media/ullmann/hdd/research/engines/Urho3D/Source/Urho3D/Database/DbResult.h,2,2,4
/media/ullmann/hdd/research/engines/Urho3D/Source/Urho3D/Database/ODBC/ODBCResult.h,1,1,2
/media/ullmann/hdd/research/engines/Urho3D/Source/ThirdParty/LuaJIT/src/lj_trace.c,21,1,22
/media/ullmann/hdd/research/engines/Urho3D/Source/ThirdParty/LuaJIT/src/lj_gdbjit.h,2,1,3
/media/ullmann/hdd/research/engines/Urho3D/Source/ThirdParty/WebP/src/dsp/rescaler_sse2.c,3,0,3
/media/ullmann/hdd/research/engines/Urho3D/Source/ThirdParty/SDL/src/video/android/SDL_androidkeyboard.c,4,0,4
/media/ullmann/hdd/research/engines/Urho3D/Source/ThirdParty/SDL/src/video/android/SDL_androidkeyboard.h,2,4,6
/media/ullmann/hdd/research/engines/Urho3D/Source/ThirdParty/SLikeNet/Source/src/Itoa.cpp,1,0,1
/media/ullmann/hdd/research/engines/Urho3D/include/Urho3D/ThirdParty/slikenet/EmptyHeader.h,0,12,12
/media/ullmann/hdd/research/engines/Urho3D/include/Urho3D/ThirdParty/ik/solver_2bone.h,3,2,5
/media/ullmann/hdd/research/engines/Urho3D/script/build/include/Urho3D/ThirdParty/SDL/SDL_system.h,6,1,7
/media/ullmann/hdd/research/engines/Urho3D/Source/ThirdParty/FreeType/src/cff/cf2blues.h,1,2,3
/media/ullmann/hdd/research/engines/Urho3D/Source/Urho3D/Resource/XMLElement.cpp,5,0,5
/media/ullmann/hdd/research/engines/Urho3D/Source/ThirdParty/Assimp/code/IFCReaderGen1.cpp,1,0,1
/media/ullmann/hdd/research/engines/Urho3D/Source/ThirdParty/Assimp/code/IFCReaderGen.h,1,3,4
/media/ullmann/hdd/research/engines/Urho3D/Source/ThirdParty/LuaJIT/src/lj_strfmt_num.c,4,1,5
/media/ullmann/hdd/research/engines/Urho3D/script/build/include/Urho3D/ThirdParty/SDL/SDL_power.h,3,1,4
/media/ullmann/hdd/research/engines/Urho3D/Source/ThirdParty/rapidjson/include/rapidjson/allocators.h,2,3,5
/media/ullmann/hdd/research/engines/Urho3D/Source/ThirdParty/SLikeNet/Source/src/EpochTimeToString.cpp,5,0,5
/media/ullmann/hdd/research/engines/Urho3D/include/Urho3D/ThirdParty/slikenet/FormatString.h,0,3,3
/media/ullmann/hdd/research/engines/Urho3D/Source/ThirdParty/Assimp/code/BlenderScene.cpp,3,0,3
/media/ullmann/hdd/research/engines/Urho3D/Source/ThirdParty/Assimp/code/BlenderSceneGen.h,2,1,3
/media/ullmann/hdd/research/engines/Urho3D/Source/ThirdParty/SLikeNet/Source/src/NatTypeDetectionClient.cpp,10,0,10
/media/ullmann/hdd/research/engines/Urho3D/script/build/include/Urho3D/Physics2D/ConstraintWeld2D.h,1,1,2
/media/ullmann/hdd/research/engines/Urho3D/Source/ThirdParty/SLikeNet/Source/VitaIncludes.h,1,0,1
/media/ullmann/hdd/research/engines/Urho3D/Source/ThirdParty/SLikeNet/Source/include/slikenet/VitaIncludes.h,0,2,2
/media/ullmann/hdd/research/engines/Urho3D/include/Urho3D/ThirdParty/slikenet/version.h,0,1,1
/media/ullmann/hdd/research/engines/Urho3D/Source/Urho3D/Physics/PhysicsWorld.h,6,10,16
/media/ullmann/hdd/research/engines/Urho3D/Source/Urho3D/IO/VectorBuffer.h,1,19,20
/media/ullmann/hdd/research/engines/Urho3D/Source/ThirdParty/SDL/src/video/x11/SDL_x11framebuffer.c,3,0,3
/media/ullmann/hdd/research/engines/Urho3D/Source/Urho3D/Audio/SoundSource3D.h,1,3,4
/media/ullmann/hdd/research/engines/Urho3D/Source/Urho3D/UI/Text.cpp,12,0,12
/media/ullmann/hdd/research/engines/Urho3D/Source/ThirdParty/SLikeNet/Source/slikenet/Rackspace.h,1,0,1
/media/ullmann/hdd/research/engines/Urho3D/Source/ThirdParty/SLikeNet/Source/include/slikenet/Rackspace.h,6,2,8
/media/ullmann/hdd/research/engines/Urho3D/Source/Urho3D/GraphicsAPI/Direct3D9/D3D9VertexBuffer.cpp,6,0,6
/media/ullmann/hdd/research/engines/Urho3D/Source/Urho3D/IO/Serializer.cpp,3,0,3
/media/ullmann/hdd/research/engines/Urho3D/Source/Urho3D/IO/Serializer.h,4,9,13
/media/ullmann/hdd/research/engines/Urho3D/Source/ThirdParty/Bullet/src/BulletDynamics/Featherstone/btMultiBodyJointLimitConstraint.h,1,1,2
/media/ullmann/hdd/research/engines/Urho3D/Source/Samples/19_VehicleDemo/VehicleDemo.h,1,1,2
/media/ullmann/hdd/research/engines/Urho3D/Source/ThirdParty/SDL/include/SDL_render.h,5,2,7
/media/ullmann/hdd/research/engines/Urho3D/Source/ThirdParty/SDL/include/SDL_rect.h,6,4,10
/media/ullmann/hdd/research/engines/Urho3D/script/build/include/Urho3D/ThirdParty/SDL/SDL_mutex.h,4,3,7
/media/ullmann/hdd/research/engines/Urho3D/Source/ThirdParty/ik/src/util.c,4,0,4
/media/ullmann/hdd/research/engines/Urho3D/include/Urho3D/ThirdParty/ik/effector.h,3,11,14
/media/ullmann/hdd/research/engines/Urho3D/Source/Urho3D/GraphicsAPI/OpenGL/OGLRenderSurface.cpp,8,0,8
/media/ullmann/hdd/research/engines/Urho3D/Source/Urho3D/GraphicsAPI/RenderSurface.h,2,11,13
/media/ullmann/hdd/research/engines/Urho3D/Source/ThirdParty/Bullet/src/BulletCollision/BroadphaseCollision/btDbvt.cpp,1,0,1
/media/ullmann/hdd/research/engines/Urho3D/Source/ThirdParty/Bullet/src/BulletCollision/BroadphaseCollision/btDbvt.h,0,1,1
/media/ullmann/hdd/research/engines/Urho3D/script/build/include/Urho3D/ThirdParty/SDL/SDL_timer.h,4,1,5
/media/ullmann/hdd/research/engines/Urho3D/Source/ThirdParty/LuaJIT/src/lj_ctype.c,9,1,10
/media/ullmann/hdd/research/engines/Urho3D/Source/ThirdParty/LuaJIT/src/lj_ccallback.h,2,5,7
/media/ullmann/hdd/research/engines/Urho3D/Source/ThirdParty/Box2D/include/box2d/b2_wheel_joint.h,2,1,3
/media/ullmann/hdd/research/engines/Urho3D/Source/ThirdParty/Box2D/include/box2d/b2_joint.h,2,10,12
/media/ullmann/hdd/research/engines/Urho3D/Source/ThirdParty/AngelScript/source/as_tokenizer.h,4,6,10
/media/ullmann/hdd/research/engines/Urho3D/Source/ThirdParty/SLikeNet/Source/Base64Encoder.h,1,0,1
/media/ullmann/hdd/research/engines/Urho3D/include/Urho3D/ThirdParty/SDL/SDL_rect.h,6,4,10
/media/ullmann/hdd/research/engines/Urho3D/script/build/include/Urho3D/UI/ListView.h,2,2,4
/media/ullmann/hdd/research/engines/Urho3D/Source/ThirdParty/Assimp/code/Q3DLoader.h,1,2,3
/media/ullmann/hdd/research/engines/Urho3D/Source/ThirdParty/SDL/src/video/x11/SDL_x11messagebox.h,0,2,2
/media/ullmann/hdd/research/engines/Urho3D/script/build/include/Urho3D/Resource/JSONValue.h,1,4,5
/media/ullmann/hdd/research/engines/Urho3D/Source/Urho3D/Scene/Component.cpp,10,0,10
/media/ullmann/hdd/research/engines/Urho3D/Source/ThirdParty/Bullet/src/BulletCollision/CollisionShapes/btEmptyShape.h,2,2,4
/media/ullmann/hdd/research/engines/Urho3D/Source/Urho3D/Graphics/Camera.cpp,8,0,8
/media/ullmann/hdd/research/engines/Urho3D/Source/ThirdParty/Bullet/src/BulletCollision/NarrowPhaseCollision/btSubSimplexConvexCast.cpp,2,0,2
/media/ullmann/hdd/research/engines/Urho3D/Source/ThirdParty/Bullet/src/BulletCollision/NarrowPhaseCollision/btPointCollector.h,1,3,4
/media/ullmann/hdd/research/engines/Urho3D/Source/Urho3D/Navigation/CrowdAgent.cpp,12,0,12
/media/ullmann/hdd/research/engines/Urho3D/Source/Urho3D/Navigation/CrowdAgent.h,2,6,8
/media/ullmann/hdd/research/engines/Urho3D/Source/ThirdParty/AngelScript/source/as_memory.cpp,4,0,4
/media/ullmann/hdd/research/engines/Urho3D/Source/ThirdParty/Box2D/src/dynamics/b2_wheel_joint.cpp,4,0,4
/media/ullmann/hdd/research/engines/Urho3D/include/Urho3D/ThirdParty/box2d/b2_wheel_joint.h,0,2,2
/media/ullmann/hdd/research/engines/Urho3D/Source/ThirdParty/WebP/src/mux/animi.h,1,1,2
/media/ullmann/hdd/research/engines/Urho3D/Source/ThirdParty/ik/include/ik/bst_vector.h,2,0,2
/media/ullmann/hdd/research/engines/Urho3D/script/build/include/Urho3D/GraphicsAPI/RenderSurface.h,2,5,7
/media/ullmann/hdd/research/engines/Urho3D/script/build/include/Urho3D/Graphics/Viewport.h,5,3,8
/media/ullmann/hdd/research/engines/Urho3D/Source/Urho3D/Graphics/Graphics.cpp,32,0,32
/media/ullmann/hdd/research/engines/Urho3D/Source/ThirdParty/Assimp/code/FBXDocument.cpp,8,0,8
/media/ullmann/hdd/research/engines/Urho3D/Source/ThirdParty/Assimp/code/FBXMeshGeometry.h,2,4,6
/media/ullmann/hdd/research/engines/Urho3D/Source/ThirdParty/AngelScript/source/as_generic.cpp,4,0,4
/media/ullmann/hdd/research/engines/Urho3D/Source/ThirdParty/SLikeNet/Source/slikenet/thread.h,1,0,1
/media/ullmann/hdd/research/engines/Urho3D/script/build/include/Urho3D/ThirdParty/rapidjson/writer.h,8,1,9
/media/ullmann/hdd/research/engines/Urho3D/script/build/include/Urho3D/ThirdParty/rapidjson/internal/meta.h,1,4,5
/media/ullmann/hdd/research/engines/Urho3D/Source/ThirdParty/SDL/src/audio/openslES/SDL_openslES.h,2,1,3
/media/ullmann/hdd/research/engines/Urho3D/Source/Urho3D/GraphicsAPI/OpenGL/OGLIndexBuffer.cpp,7,0,7
/media/ullmann/hdd/research/engines/Urho3D/script/build/include/Urho3D/Physics/PhysicsUtils.h,2,1,3
/media/ullmann/hdd/research/engines/Urho3D/Source/Urho3D/Physics2D/CollisionEdge2D.cpp,5,0,5
/media/ullmann/hdd/research/engines/Urho3D/Source/ThirdParty/FreeType/src/cff/cffparse.c,6,1,7
/media/ullmann/hdd/research/engines/Urho3D/Source/ThirdParty/FreeType/src/cff/cffpic.h,1,4,5
/media/ullmann/hdd/research/engines/Urho3D/Source/ThirdParty/SDL/src/joystick/hidapi/SDL_hidapi_switch.c,3,0,3
/media/ullmann/hdd/research/engines/Urho3D/Source/ThirdParty/Assimp/code/RemoveVCProcess.h,1,2,3
/media/ullmann/hdd/research/engines/Urho3D/Source/ThirdParty/Bullet/src/BulletDynamics/MLCPSolvers/btSolveProjectedGaussSeidel.h,1,1,2
/media/ullmann/hdd/research/engines/Urho3D/Source/ThirdParty/Bullet/src/BulletDynamics/MLCPSolvers/btMLCPSolverInterface.h,0,4,4
/media/ullmann/hdd/research/engines/Urho3D/Source/Urho3D/Container/VectorBase.cpp,3,0,3
/media/ullmann/hdd/research/engines/Urho3D/Source/Urho3D/Container/VectorBase.h,3,4,7
/media/ullmann/hdd/research/engines/Urho3D/script/build/include/Urho3D/Navigation/OffMeshConnection.h,1,1,2
/media/ullmann/hdd/research/engines/Urho3D/script/build/include/Urho3D/Math/StringHash.h,2,8,10
/media/ullmann/hdd/research/engines/Urho3D/Source/ThirdParty/LibCpuId/src/recog_amd.c,4,0,4
/media/ullmann/hdd/research/engines/Urho3D/Source/Urho3D/Container/FlagSet.h,0,6,6
/media/ullmann/hdd/research/engines/Urho3D/Source/ThirdParty/rapidjson/include/rapidjson/schema.h,6,0,6
/media/ullmann/hdd/research/engines/Urho3D/Source/Urho3D/GraphicsAPI/Texture3D.h,4,8,12
/media/ullmann/hdd/research/engines/Urho3D/Source/ThirdParty/Assimp/code/glTF2Exporter.cpp,6,0,6
/media/ullmann/hdd/research/engines/Urho3D/Source/ThirdParty/Detour/Include/DetourNavMeshBuilder.h,1,0,1
/media/ullmann/hdd/research/engines/Urho3D/Source/ThirdParty/Detour/Include/DetourAlloc.h,0,2,2
/media/ullmann/hdd/research/engines/Urho3D/Source/ThirdParty/Bullet/src/BulletDynamics/ConstraintSolver/btTypedConstraint.cpp,1,0,1
/media/ullmann/hdd/research/engines/Urho3D/Source/Samples/34_DynamicGeometry/DynamicGeometry.h,1,1,2
/media/ullmann/hdd/research/engines/Urho3D/Source/ThirdParty/Bullet/src/BulletCollision/Gimpact/gim_radixsort.h,1,3,4
/media/ullmann/hdd/research/engines/Urho3D/Source/ThirdParty/Bullet/src/BulletCollision/Gimpact/gim_memory.h,1,3,4
/media/ullmann/hdd/research/engines/Urho3D/Source/ThirdParty/Bullet/src/BulletDynamics/ConstraintSolver/btSliderConstraint.h,2,2,4
/media/ullmann/hdd/research/engines/Urho3D/Source/ThirdParty/SDL/src/power/android/SDL_syspower.c,3,0,3
/media/ullmann/hdd/research/engines/Urho3D/Source/ThirdParty/Box2D/include/box2d/box2d.h,25,0,25
/media/ullmann/hdd/research/engines/Urho3D/Source/ThirdParty/Box2D/include/box2d/b2_pulley_joint.h,2,1,3
/media/ullmann/hdd/research/engines/Urho3D/Source/Urho3D/Physics2D/ConstraintPulley2D.cpp,6,0,6
/media/ullmann/hdd/research/engines/Urho3D/Source/Urho3D/Physics2D/RigidBody2D.h,1,17,18
/media/ullmann/hdd/research/engines/Urho3D/Source/ThirdParty/SLikeNet/Source/src/CloudClient.cpp,6,0,6
/media/ullmann/hdd/research/engines/Urho3D/script/build/include/Urho3D/ThirdParty/SDL/SDL_events.h,12,1,13
/media/ullmann/hdd/research/engines/Urho3D/Source/ThirdParty/LuaJIT/src/lib_package.c,6,1,7
/media/ullmann/hdd/research/engines/Urho3D/Source/ThirdParty/SDL/src/libm/e_exp.c,2,0,2
/media/ullmann/hdd/research/engines/Urho3D/Source/ThirdParty/SLikeNet/Source/src/DirectoryDeltaTransfer.cpp,13,0,13
/media/ullmann/hdd/research/engines/Urho3D/include/Urho3D/AngelScript/APITemplates.h,19,3,22
/media/ullmann/hdd/research/engines/Urho3D/include/Urho3D/AngelScript/Addons.h,4,1,5
/media/ullmann/hdd/research/engines/Urho3D/Source/ThirdParty/Lua/src/lstring.c,5,0,5
/media/ullmann/hdd/research/engines/Urho3D/Source/ThirdParty/Bullet/src/BulletCollision/CollisionShapes/btConcaveShape.h,2,7,9
/media/ullmann/hdd/research/engines/Urho3D/Source/ThirdParty/Bullet/src/BulletCollision/CollisionShapes/btCollisionShape.h,0,5,5
/media/ullmann/hdd/research/engines/Urho3D/Source/ThirdParty/Assimp/code/RemoveRedundantMaterials.h,1,2,3
/media/ullmann/hdd/research/engines/Urho3D/Source/ThirdParty/Bullet/src/BulletSoftBody/btSoftRigidDynamicsWorld.cpp,5,0,5
/media/ullmann/hdd/research/engines/Urho3D/Source/ThirdParty/Bullet/src/BulletSoftBody/btSoftBodySolvers.h,0,2,2
/media/ullmann/hdd/research/engines/Urho3D/Source/ThirdParty/Tracy/libbacktrace/filenames.hpp,0,1,1
/media/ullmann/hdd/research/engines/Urho3D/include/Urho3D/GraphicsAPI/OpenGL/OGLGraphicsImpl.h,6,1,7
/media/ullmann/hdd/research/engines/Urho3D/include/Urho3D/Math/Color.h,1,17,18
/media/ullmann/hdd/research/engines/Urho3D/Source/ThirdParty/SDL/src/video/wayland/SDL_waylandwindow.c,9,0,9
/media/ullmann/hdd/research/engines/Urho3D/Source/ThirdParty/AngelScript/source/as_thread.h,5,2,7
/media/ullmann/hdd/research/engines/Urho3D/Source/ThirdParty/Bullet/src/BulletCollision/CollisionDispatch/btSimulationIslandManager.h,2,1,3
/media/ullmann/hdd/research/engines/Urho3D/Source/ThirdParty/Bullet/src/BulletCollision/CollisionDispatch/btCollisionObject.h,0,6,6
/media/ullmann/hdd/research/engines/Urho3D/Source/ThirdParty/SLikeNet/Source/EpochTimeToString.h,1,0,1
/media/ullmann/hdd/research/engines/Urho3D/Source/ThirdParty/SLikeNet/Source/include/slikenet/EpochTimeToString.h,1,2,3
/media/ullmann/hdd/research/engines/Urho3D/Source/Urho3D/UI/ListView.cpp,10,0,10
/media/ullmann/hdd/research/engines/Urho3D/Source/ThirdParty/LuaJIT/src/lj_gc.c,15,1,16
/media/ullmann/hdd/research/engines/Urho3D/Source/ThirdParty/LuaJIT/src/lj_ctype.h,2,29,31
/media/ullmann/hdd/research/engines/Urho3D/Source/ThirdParty/SDL/src/video/SDL_shape.c,3,0,3
/media/ullmann/hdd/research/engines/Urho3D/Source/ThirdParty/Box2D/include/box2d/b2_math.h,2,11,13
/media/ullmann/hdd/research/engines/Urho3D/Source/ThirdParty/Box2D/include/box2d/b2_settings.h,3,9,12
/media/ullmann/hdd/research/engines/Urho3D/Source/ThirdParty/Assimp/code/LWSLoader.cpp,7,0,7
/media/ullmann/hdd/research/engines/Urho3D/Source/ThirdParty/Assimp/code/LWSLoader.h,2,2,4
/media/ullmann/hdd/research/engines/Urho3D/Source/ThirdParty/Lua/src/ldo.c,16,0,16
/media/ullmann/hdd/research/engines/Urho3D/Source/ThirdParty/ik/include/ik/solver_jacobian_transpose.h,1,0,1
/media/ullmann/hdd/research/engines/Urho3D/Source/ThirdParty/SDL/src/video/uikit/SDL_uikitevents.h,1,0,1
/media/ullmann/hdd/research/engines/Urho3D/Source/ThirdParty/Box2D/src/dynamics/b2_weld_joint.cpp,3,0,3
/media/ullmann/hdd/research/engines/Urho3D/include/Urho3D/ThirdParty/box2d/b2_weld_joint.h,0,2,2
/media/ullmann/hdd/research/engines/Urho3D/Source/ThirdParty/Tracy/libbacktrace/fileline.cpp,3,1,4
/media/ullmann/hdd/research/engines/Urho3D/Source/ThirdParty/Lua/src/lstate.c,11,0,11
/media/ullmann/hdd/research/engines/Urho3D/Source/ThirdParty/Lua/src/lstring.h,3,13,16
/media/ullmann/hdd/research/engines/Urho3D/include/Urho3D/ThirdParty/slikenet/CloudClient.h,0,1,1
/media/ullmann/hdd/research/engines/Urho3D/Source/ThirdParty/FreeType/src/truetype/ttsubpix.h,2,3,5
/media/ullmann/hdd/research/engines/Urho3D/Source/ThirdParty/FreeType/src/truetype/ttinterp.h,1,4,5
/media/ullmann/hdd/research/engines/Urho3D/Source/ThirdParty/Assimp/contrib/Open3DGC/o3dgcArithmeticCodec.h,1,4,5
/media/ullmann/hdd/research/engines/Urho3D/Source/Urho3D/Graphics/BillboardSet.h,5,5,10
/media/ullmann/hdd/research/engines/Urho3D/Source/ThirdParty/SLikeNet/Source/include/slikenet/CCRakNetSlidingWindow.h,5,4,9
/media/ullmann/hdd/research/engines/Urho3D/Source/ThirdParty/LibCpuId/src/libcpuid_util.c,2,0,2
/media/ullmann/hdd/research/engines/Urho3D/Source/ThirdParty/LibCpuId/src/libcpuid_util.h,0,6,6
/media/ullmann/hdd/research/engines/Urho3D/include/Urho3D/ThirdParty/SDL/SDL_video.h,6,12,18
/media/ullmann/hdd/research/engines/Urho3D/Source/ThirdParty/Assimp/contrib/Open3DGC/o3dgcSC3DMCEncodeParams.h,1,2,3
/media/ullmann/hdd/research/engines/Urho3D/Source/ThirdParty/Assimp/contrib/Open3DGC/o3dgcCommon.h,0,17,17
/media/ullmann/hdd/research/engines/Urho3D/Source/ThirdParty/Assimp/code/BlenderBMesh.h,1,3,4
/media/ullmann/hdd/research/engines/Urho3D/Source/ThirdParty/Tracy/libbacktrace/internal.hpp,0,9,9
/media/ullmann/hdd/research/engines/Urho3D/Source/Urho3D/GraphicsAPI/OpenGL/OGLShaderVariation.cpp,8,0,8
/media/ullmann/hdd/research/engines/Urho3D/Source/Urho3D/GraphicsAPI/OpenGL/OGLShaderProgram.h,5,4,9
/media/ullmann/hdd/research/engines/Urho3D/Source/ThirdParty/SDL/include/SDL_audio.h,8,1,9
/media/ullmann/hdd/research/engines/Urho3D/Source/ThirdParty/SDL/include/SDL_mutex.h,4,3,7
/media/ullmann/hdd/research/engines/Urho3D/Source/ThirdParty/Box2D/src/collision/b2_circle_shape.cpp,2,0,2
/media/ullmann/hdd/research/engines/Urho3D/include/Urho3D/ThirdParty/box2d/b2_block_allocator.h,0,15,15
/media/ullmann/hdd/research/engines/Urho3D/Source/ThirdParty/SLikeNet/Source/include/slikenet/TCPInterface.h,14,4,18
/media/ullmann/hdd/research/engines/Urho3D/Source/ThirdParty/FreeType/src/pshinter/pshrec.h,1,3,4
/media/ullmann/hdd/research/engines/Urho3D/Source/ThirdParty/FreeType/src/pshinter/pshglob.h,0,3,3
/media/ullmann/hdd/research/engines/Urho3D/Source/ThirdParty/SDL/src/video/psp/SDL_pspgl.c,3,0,3
/media/ullmann/hdd/research/engines/Urho3D/Source/ThirdParty/SDL/src/video/psp/SDL_pspvideo.h,2,6,8
/media/ullmann/hdd/research/engines/Urho3D/Source/ThirdParty/SDL/src/SDL.c,8,0,8
/media/ullmann/hdd/research/engines/Urho3D/Source/ThirdParty/Bullet/src/BulletCollision/CollisionDispatch/btCompoundCollisionAlgorithm.h,2,1,3
/media/ullmann/hdd/research/engines/Urho3D/Source/ThirdParty/Bullet/src/BulletCollision/CollisionDispatch/btActivatingCollisionAlgorithm.h,0,8,8
/media/ullmann/hdd/research/engines/Urho3D/Source/ThirdParty/FreeType/src/pcf/pcfdrivr.c,5,1,6
/media/ullmann/hdd/research/engines/Urho3D/Source/ThirdParty/FreeType/src/pcf/pcferror.h,0,2,2
/media/ullmann/hdd/research/engines/Urho3D/include/Urho3D/ThirdParty/rapidjson/schema.h,6,0,6
/media/ullmann/hdd/research/engines/Urho3D/Source/Urho3D/Graphics/StaticModel.cpp,16,0,16
/media/ullmann/hdd/research/engines/Urho3D/script/build/include/Urho3D/ThirdParty/SDL/SDL_gamecontroller.h,6,2,8
/media/ullmann/hdd/research/engines/Urho3D/Source/ThirdParty/SDL/include/SDL_blendmode.h,2,1,3
/media/ullmann/hdd/research/engines/Urho3D/Source/ThirdParty/SDL/include/close_code.h,0,42,42
/media/ullmann/hdd/research/engines/Urho3D/Source/ThirdParty/SDL/src/video/haiku/SDL_bmodes.cc,5,0,5
/media/ullmann/hdd/research/engines/Urho3D/Source/ThirdParty/SDL/src/video/haiku/SDL_bopengl.h,1,3,4
/media/ullmann/hdd/research/engines/Urho3D/Source/ThirdParty/Bullet/src/BulletCollision/CollisionShapes/btEmptyShape.cpp,2,0,2
/media/ullmann/hdd/research/engines/Urho3D/Source/Urho3D/IK/IKSolver.cpp,12,0,12
/media/ullmann/hdd/research/engines/Urho3D/include/Urho3D/ThirdParty/ik/vec3.h,1,13,14
/media/ullmann/hdd/research/engines/Urho3D/Source/ThirdParty/SDL/src/main/haiku/SDL_BApp.h,4,5,9
/media/ullmann/hdd/research/engines/Urho3D/Source/ThirdParty/FreeType/src/truetype/ttdriver.c,6,1,7
/media/ullmann/hdd/research/engines/Urho3D/script/build/include/Urho3D/Audio/Audio.h,5,1,6
/media/ullmann/hdd/research/engines/Urho3D/script/build/include/Urho3D/ThirdParty/rapidjson/internal/strtod.h,4,1,5
/media/ullmann/hdd/research/engines/Urho3D/Source/ThirdParty/Bullet/src/BulletCollision/CollisionDispatch/btCollisionDispatcher.h,1,11,12
/media/ullmann/hdd/research/engines/Urho3D/Source/Urho3D/Math/Matrix4.h,2,3,5
/media/ullmann/hdd/research/engines/Urho3D/Source/Urho3D/UI/FileSelector.cpp,14,0,14
/media/ullmann/hdd/research/engines/Urho3D/Source/Urho3D/UI/Window.h,1,8,9
/media/ullmann/hdd/research/engines/Urho3D/Source/Urho3D/Core/EventProfiler.h,1,5,6
/media/ullmann/hdd/research/engines/Urho3D/Source/ThirdParty/SDL/src/audio/dsp/SDL_dspaudio.h,2,1,3
/media/ullmann/hdd/research/engines/Urho3D/Source/ThirdParty/LuaJIT/src/lj_lex.c,15,1,16
/media/ullmann/hdd/research/engines/Urho3D/Source/Urho3D/Math/Vector2.h,2,9,11
/media/ullmann/hdd/research/engines/Urho3D/Source/Urho3D/Math/MathDefs.h,1,13,14
/media/ullmann/hdd/research/engines/Urho3D/Source/ThirdParty/Bullet/src/BulletDynamics/ConstraintSolver/btPoint2PointConstraint.cpp,1,0,1
/media/ullmann/hdd/research/engines/Urho3D/Source/ThirdParty/Bullet/src/BulletDynamics/ConstraintSolver/btPoint2PointConstraint.h,2,2,4
/media/ullmann/hdd/research/engines/Urho3D/Source/ThirdParty/Bullet/src/BulletCollision/Gimpact/btGenericPoolAllocator.cpp,1,0,1
/media/ullmann/hdd/research/engines/Urho3D/Source/ThirdParty/Bullet/src/BulletCollision/Gimpact/btGenericPoolAllocator.h,0,1,1
/media/ullmann/hdd/research/engines/Urho3D/script/build/include/Urho3D/Physics2D/CollisionBox2D.h,1,1,2
/media/ullmann/hdd/research/engines/Urho3D/Source/ThirdParty/Bullet/src/BulletDynamics/Featherstone/btMultiBodyConstraintSolver.h,2,3,5
/media/ullmann/hdd/research/engines/Urho3D/Source/ThirdParty/Bullet/src/BulletDynamics/Featherstone/btMultiBodySolverConstraint.h,0,2,2
/media/ullmann/hdd/research/engines/Urho3D/include/Urho3D/Resource/JSONFile.h,2,2,4
/media/ullmann/hdd/research/engines/Urho3D/include/Urho3D/Physics/RaycastVehicle.h,3,1,4
/media/ullmann/hdd/research/engines/Urho3D/Source/Urho3D/Network/Connection.h,6,3,9
/media/ullmann/hdd/research/engines/Urho3D/Source/ThirdParty/Bullet/src/BulletCollision/CollisionShapes/btTriangleMesh.h,1,2,3
/media/ullmann/hdd/research/engines/Urho3D/Source/ThirdParty/Bullet/src/BulletCollision/CollisionShapes/btTriangleIndexVertexArray.h,1,4,5
/media/ullmann/hdd/research/engines/Urho3D/Source/ThirdParty/FreeType/src/truetype/ttobjs.h,0,4,4
/media/ullmann/hdd/research/engines/Urho3D/Source/ThirdParty/FreeType/src/cff/cffload.c,3,1,4
/media/ullmann/hdd/research/engines/Urho3D/Source/ThirdParty/FreeType/src/cff/cfferrs.h,0,7,7
/media/ullmann/hdd/research/engines/Urho3D/script/build/include/Urho3D/Graphics/DebugRenderer.h,3,3,6
/media/ullmann/hdd/research/engines/Urho3D/script/build/include/Urho3D/Math/Frustum.h,5,8,13
/media/ullmann/hdd/research/engines/Urho3D/include/Urho3D/ThirdParty/ik/solver_1bone.h,3,2,5
/media/ullmann/hdd/research/engines/Urho3D/Source/Urho3D/Physics2D/ConstraintMouse2D.cpp,6,0,6
/media/ullmann/hdd/research/engines/Urho3D/Source/ThirdParty/WebP/src/dec/alpha_dec.c,7,0,7
/media/ullmann/hdd/research/engines/Urho3D/include/Urho3D/ThirdParty/SDL/SDL_gamecontroller.h,6,2,8
/media/ullmann/hdd/research/engines/Urho3D/include/Urho3D/ThirdParty/SDL/SDL_joystick.h,4,4,8
/media/ullmann/hdd/research/engines/Urho3D/Source/Urho3D/Urho2D/TileMapDefs2D.h,2,5,7
/media/ullmann/hdd/research/engines/Urho3D/include/Urho3D/Audio/BufferedSoundStream.h,5,1,6
/media/ullmann/hdd/research/engines/Urho3D/include/Urho3D/Audio/SoundStream.h,1,3,4
/media/ullmann/hdd/research/engines/Urho3D/include/Urho3D/Container/ArrayPtr.h,2,25,27
/media/ullmann/hdd/research/engines/Urho3D/Source/Urho3D/UI/ProgressBar.h,3,3,6
/media/ullmann/hdd/research/engines/Urho3D/Source/Urho3D/UI/BorderImage.h,2,12,14
/media/ullmann/hdd/research/engines/Urho3D/include/Urho3D/ThirdParty/slikenet/TwoWayAuthentication.h,0,1,1
/media/ullmann/hdd/research/engines/Urho3D/include/Urho3D/Container/HashBase.h,4,5,9
/media/ullmann/hdd/research/engines/Urho3D/Source/ThirdParty/SDL/src/audio/paudio/SDL_paudio.c,4,0,4
/media/ullmann/hdd/research/engines/Urho3D/Source/ThirdParty/Box2D/src/dynamics/b2_island.h,3,2,5
/media/ullmann/hdd/research/engines/Urho3D/include/Urho3D/ThirdParty/box2d/b2_body.h,0,20,20
/media/ullmann/hdd/research/engines/Urho3D/script/build/include/Urho3D/Container/Allocator.h,2,2,4
/media/ullmann/hdd/research/engines/Urho3D/script/build/include/Urho3D/Base/PrimitiveTypes.h,0,3,3
/media/ullmann/hdd/research/engines/Urho3D/Source/ThirdParty/SDL/src/video/x11/SDL_x11vulkan.h,2,3,5
/media/ullmann/hdd/research/engines/Urho3D/Source/ThirdParty/SLikeNet/Source/src/TableSerializer.cpp,5,0,5
/media/ullmann/hdd/research/engines/Urho3D/script/build/include/Urho3D/Navigation/CrowdAgent.h,2,2,4
/media/ullmann/hdd/research/engines/Urho3D/Source/ThirdParty/SDL/src/video/cocoa/SDL_cocoavideo.h,9,1,10
/media/ullmann/hdd/research/engines/Urho3D/Source/ThirdParty/Assimp/code/XGLLoader.cpp,5,0,5
/media/ullmann/hdd/research/engines/Urho3D/Source/Urho3D/UI/Sprite.h,2,3,5
/media/ullmann/hdd/research/engines/Urho3D/Source/ThirdParty/Box2D/src/dynamics/b2_body.cpp,5,0,5
/media/ullmann/hdd/research/engines/Urho3D/include/Urho3D/Scene/ValueAnimationInfo.h,4,3,7
/media/ullmann/hdd/research/engines/Urho3D/include/Urho3D/Container/Vector.h,1,9,10
/media/ullmann/hdd/research/engines/Urho3D/include/Urho3D/ThirdParty/SDL/SDL_shape.h,7,1,8
/media/ullmann/hdd/research/engines/Urho3D/script/build/include/Urho3D/IO/RWOpsWrapper.h,1,0,1
/media/ullmann/hdd/research/engines/Urho3D/script/build/include/Urho3D/IO/File.h,3,4,7
/media/ullmann/hdd/research/engines/Urho3D/Source/ThirdParty/Bullet/src/BulletDynamics/Featherstone/btMultiBodyLinkCollider.h,1,10,11
/media/ullmann/hdd/research/engines/Urho3D/Source/ThirdParty/SDL/src/video/directfb/SDL_DirectFB_mouse.c,7,0,7
/media/ullmann/hdd/research/engines/Urho3D/include/Urho3D/ThirdParty/SDL/SDL_events.h,12,1,13
/media/ullmann/hdd/research/engines/Urho3D/Source/ThirdParty/AngelScript/source/as_compiler.cpp,9,0,9
/media/ullmann/hdd/research/engines/Urho3D/Source/ThirdParty/ik/src/quat.c,1,0,1
/media/ullmann/hdd/research/engines/Urho3D/Source/ThirdParty/Assimp/code/X3DExporter.cpp,3,0,3
/media/ullmann/hdd/research/engines/Urho3D/script/build/include/Urho3D/Math/Matrix4.h,2,2,4
/media/ullmann/hdd/research/engines/Urho3D/Source/ThirdParty/FreeType/src/type1/t1load.h,1,3,4
/media/ullmann/hdd/research/engines/Urho3D/Source/ThirdParty/FreeType/src/type1/t1parse.h,0,2,2
/media/ullmann/hdd/research/engines/Urho3D/Source/ThirdParty/SLikeNet/Source/src/DS_Table.cpp,6,0,6
/media/ullmann/hdd/research/engines/Urho3D/script/build/include/Urho3D/Graphics/AnimationController.h,3,2,5
/media/ullmann/hdd/research/engines/Urho3D/Source/ThirdParty/SDL/src/render/direct3d11/SDL_render_d3d11.c,6,0,6
/media/ullmann/hdd/research/engines/Urho3D/Source/ThirdParty/FreeType/src/sfnt/sfnt.c,11,0,11
/media/ullmann/hdd/research/engines/Urho3D/Source/ThirdParty/FreeType/src/sfnt/ttbdf.c,2,1,3
/media/ullmann/hdd/research/engines/Urho3D/Source/ThirdParty/SDL/src/video/windows/SDL_windowsopengles.c,4,0,4
/media/ullmann/hdd/research/engines/Urho3D/Source/ThirdParty/SDL/src/video/windows/SDL_windowsopengl.h,1,2,3
/media/ullmann/hdd/research/engines/Urho3D/Source/ThirdParty/SDL/src/events/SDL_dropevents_c.h,1,2,3
/media/ullmann/hdd/research/engines/Urho3D/Source/Urho3D/UI/Cursor.h,3,7,10
/media/ullmann/hdd/research/engines/Urho3D/Source/ThirdParty/Bullet/src/BulletDynamics/ConstraintSolver/btSolve2LinearConstraint.cpp,2,0,2
/media/ullmann/hdd/research/engines/Urho3D/include/Urho3D/IO/FileSystem.h,3,2,5
/media/ullmann/hdd/research/engines/Urho3D/Source/ThirdParty/FreeType/src/cff/cf2font.c,5,1,6
/media/ullmann/hdd/research/engines/Urho3D/Source/ThirdParty/FreeType/src/cff/cf2intrp.h,2,3,5
/media/ullmann/hdd/research/engines/Urho3D/Source/ThirdParty/Assimp/code/PretransformVertices.h,1,2,3
/media/ullmann/hdd/research/engines/Urho3D/Source/ThirdParty/LuaJIT/src/lj_def.h,1,6,7
/media/ullmann/hdd/research/engines/Urho3D/Source/ThirdParty/Assimp/include/assimp/matrix4x4.h,2,1,3
/media/ullmann/hdd/research/engines/Urho3D/Source/ThirdParty/Assimp/include/assimp/vector3.h,1,2,3
/media/ullmann/hdd/research/engines/Urho3D/include/Urho3D/Physics2D/ConstraintFriction2D.h,1,1,2
/media/ullmann/hdd/research/engines/Urho3D/include/Urho3D/Physics2D/Constraint2D.h,1,11,12
/media/ullmann/hdd/research/engines/Urho3D/Source/ThirdParty/Bullet/src/BulletCollision/NarrowPhaseCollision/btGjkConvexCast.cpp,3,0,3
/media/ullmann/hdd/research/engines/Urho3D/include/Urho3D/ThirdParty/rapidjson/allocators.h,2,3,5
/media/ullmann/hdd/research/engines/Urho3D/Source/Urho3D/Engine/DebugHud.h,2,4,6
/media/ullmann/hdd/research/engines/Urho3D/Source/ThirdParty/SDL/src/video/directfb/SDL_DirectFB_events.c,11,0,11
/media/ullmann/hdd/research/engines/Urho3D/include/Urho3D/ThirdParty/box2d/b2_fixture.h,0,15,15
/media/ullmann/hdd/research/engines/Urho3D/Source/ThirdParty/SLikeNet/Source/src/DS_HuffmanEncodingTree.cpp,4,0,4
/media/ullmann/hdd/research/engines/Urho3D/Source/ThirdParty/FreeType/src/truetype/truetype.c,8,0,8
/media/ullmann/hdd/research/engines/Urho3D/Source/ThirdParty/FreeType/src/truetype/ttpload.c,3,1,4
/media/ullmann/hdd/research/engines/Urho3D/Source/ThirdParty/SDL/src/thread/SDL_thread.c,4,0,4
/media/ullmann/hdd/research/engines/Urho3D/Source/ThirdParty/SLikeNet/Source/include/slikenet/DS_List.h,3,28,31
/media/ullmann/hdd/research/engines/Urho3D/Source/ThirdParty/FreeType/src/otvalid/otverror.h,0,1,1
/media/ullmann/hdd/research/engines/Urho3D/Source/Urho3D/LuaScript/LuaFunction.h,1,4,5
/media/ullmann/hdd/research/engines/Urho3D/Source/ThirdParty/FreeType/src/gxvalid/gxvbsln.c,2,1,3
/media/ullmann/hdd/research/engines/Urho3D/Source/ThirdParty/SLikeNet/Source/DS_Table.h,1,0,1
/media/ullmann/hdd/research/engines/Urho3D/Source/ThirdParty/SLikeNet/Source/include/slikenet/DS_Table.h,5,3,8
/media/ullmann/hdd/research/engines/Urho3D/include/Urho3D/ThirdParty/slikenet/gettimeofday.h,0,3,3
/media/ullmann/hdd/research/engines/Urho3D/Source/ThirdParty/FreeType/src/autofit/aftypes.h,5,9,14
/media/ullmann/hdd/research/engines/Urho3D/Source/ThirdParty/FreeType/src/autofit/afcover.h,0,2,2
/media/ullmann/hdd/research/engines/Urho3D/Source/ThirdParty/SDL/src/video/windows/SDL_windowsmouse.c,3,0,3
/media/ullmann/hdd/research/engines/Urho3D/Source/Urho3D/LuaScript/LuaScriptInstance.cpp,17,0,17
/media/ullmann/hdd/research/engines/Urho3D/include/Urho3D/Resource/XMLElement.h,4,3,7
/media/ullmann/hdd/research/engines/Urho3D/Source/ThirdParty/LuaJIT/src/lj_opt_narrow.c,8,1,9
/media/ullmann/hdd/research/engines/Urho3D/script/build/include/Urho3D/Resource/Image.h,2,6,8
/media/ullmann/hdd/research/engines/Urho3D/script/build/include/Urho3D/Resource/XMLElement.h,4,3,7
/media/ullmann/hdd/research/engines/Urho3D/Source/ThirdParty/FreeType/src/bdf/bdfdrivr.c,3,1,4
/media/ullmann/hdd/research/engines/Urho3D/Source/ThirdParty/FreeType/src/bdf/bdferror.h,0,2,2
/media/ullmann/hdd/research/engines/Urho3D/Source/ThirdParty/Bullet/src/BulletDynamics/Featherstone/btMultiBody.cpp,4,0,4
/media/ullmann/hdd/research/engines/Urho3D/Source/Urho3D/Math/StringHash.cpp,6,0,6
/media/ullmann/hdd/research/engines/Urho3D/Source/ThirdParty/LuaJIT/src/lib_debug.c,8,1,9
/media/ullmann/hdd/research/engines/Urho3D/Source/Urho3D/GraphicsAPI/RenderSurface.cpp,8,0,8
/media/ullmann/hdd/research/engines/Urho3D/Source/Urho3D/Graphics/DecalSet.h,4,3,7
/media/ullmann/hdd/research/engines/Urho3D/Source/ThirdParty/Assimp/code/ColladaLoader.cpp,6,0,6
/media/ullmann/hdd/research/engines/Urho3D/Source/ThirdParty/Lua/src/lvm.h,3,5,8
/media/ullmann/hdd/research/engines/Urho3D/Source/ThirdParty/AngelScript/source/as_atomic.h,1,9,10
/media/ullmann/hdd/research/engines/Urho3D/Source/ThirdParty/Assimp/code/DeboneProcess.h,1,2,3
/media/ullmann/hdd/research/engines/Urho3D/include/Urho3D/Audio/OggVorbisSoundStream.h,2,1,3
/media/ullmann/hdd/research/engines/Urho3D/Source/ThirdParty/AngelScript/source/as_builder.h,9,6,15
/media/ullmann/hdd/research/engines/Urho3D/include/Urho3D/Core/Profiler.h,4,2,6
/media/ullmann/hdd/research/engines/Urho3D/include/Urho3D/Resource/Image.h,2,6,8
/media/ullmann/hdd/research/engines/Urho3D/Source/ThirdParty/WebP/src/enc/picture_rescale_enc.c,3,0,3
/media/ullmann/hdd/research/engines/Urho3D/Source/ThirdParty/WebP/src/utils/rescaler_utils.h,1,9,10
/media/ullmann/hdd/research/engines/Urho3D/script/build/include/Urho3D/Graphics/AnimationState.h,2,3,5
/media/ullmann/hdd/research/engines/Urho3D/Source/ThirdParty/Box2D/src/dynamics/b2_contact_solver.cpp,6,0,6
/media/ullmann/hdd/research/engines/Urho3D/include/Urho3D/ThirdParty/box2d/b2_contact.h,0,14,14
/media/ullmann/hdd/research/engines/Urho3D/Source/ThirdParty/SDL/src/video/windows/SDL_windowsevents.h,1,1,2
/media/ullmann/hdd/research/engines/Urho3D/Source/ThirdParty/SLikeNet/Source/include/slikenet/HTTPConnection2.h,9,2,11
/media/ullmann/hdd/research/engines/Urho3D/Source/Urho3D/Urho2D/StaticSprite2D.h,1,5,6
/media/ullmann/hdd/research/engines/Urho3D/Source/ThirdParty/Bullet/src/LinearMath/btTransform.h,1,5,6
/media/ullmann/hdd/research/engines/Urho3D/Source/ThirdParty/Bullet/src/LinearMath/btMatrix3x3.h,2,5,7
/media/ullmann/hdd/research/engines/Urho3D/Source/ThirdParty/AngelScript/source/as_globalproperty.cpp,3,0,3
/media/ullmann/hdd/research/engines/Urho3D/Source/ThirdParty/Assimp/contrib/Open3DGC/o3dgcTriangleListDecoder.h,5,1,6
/media/ullmann/hdd/research/engines/Urho3D/Source/ThirdParty/Assimp/contrib/Open3DGC/o3dgcAdjacencyInfo.h,1,2,3
/media/ullmann/hdd/research/engines/Urho3D/Source/Samples/99_Benchmark/AppState_Base.h,1,7,8
/media/ullmann/hdd/research/engines/Urho3D/Source/ThirdParty/Bullet/src/BulletCollision/CollisionDispatch/btSphereBoxCollisionAlgorithm.h,2,1,3
/media/ullmann/hdd/research/engines/Urho3D/Source/ThirdParty/SDL/src/video/emscripten/SDL_emscriptenvideo.c,10,0,10
/media/ullmann/hdd/research/engines/Urho3D/Source/Urho3D/Physics2D/CollisionCircle2D.h,1,3,4
/media/ullmann/hdd/research/engines/Urho3D/Source/Urho3D/Physics2D/CollisionShape2D.h,1,9,10
/media/ullmann/hdd/research/engines/Urho3D/Source/ThirdParty/SDL/src/video/x11/SDL_x11video.c,10,0,10
/media/ullmann/hdd/research/engines/Urho3D/Source/ThirdParty/SDL/src/video/x11/SDL_x11framebuffer.h,1,2,3
/media/ullmann/hdd/research/engines/Urho3D/Source/ThirdParty/AngelScript/source/as_configgroup.cpp,4,0,4
/media/ullmann/hdd/research/engines/Urho3D/Source/ThirdParty/SDL/src/video/psp/SDL_pspmouse_c.h,1,1,2
/media/ullmann/hdd/research/engines/Urho3D/Source/Urho3D/GraphicsAPI/Direct3D9/D3D9ConstantBuffer.cpp,5,0,5
/media/ullmann/hdd/research/engines/Urho3D/Source/Urho3D/LuaScript/LuaScript.cpp,17,0,17
/media/ullmann/hdd/research/engines/Urho3D/Source/Urho3D/LuaScript/LuaScript.h,3,3,6
/media/ullmann/hdd/research/engines/Urho3D/Source/ThirdParty/SDL/src/video/haiku/SDL_bwindow.cc,3,0,3
/media/ullmann/hdd/research/engines/Urho3D/Source/ThirdParty/WebP/src/enc/picture_enc.c,3,0,3
/media/ullmann/hdd/research/engines/Urho3D/Source/ThirdParty/Assimp/code/TerragenLoader.h,1,2,3
/media/ullmann/hdd/research/engines/Urho3D/Source/ThirdParty/SDL/src/audio/wasapi/SDL_wasapi.c,5,0,5
/media/ullmann/hdd/research/engines/Urho3D/Source/ThirdParty/SDL/src/video/SDL_blit_slow.h,1,2,3
/media/ullmann/hdd/research/engines/Urho3D/Source/ThirdParty/AngelScript/source/as_module.cpp,7,0,7
/media/ullmann/hdd/research/engines/Urho3D/Source/Samples/49_Urho2DIsometricDemo/Urho2DIsometricDemo.h,2,1,3
/media/ullmann/hdd/research/engines/Urho3D/Source/Samples/Utilities2D/Sample2D.h,0,5,5
/media/ullmann/hdd/research/engines/Urho3D/script/build/include/Urho3D/ThirdParty/SDL/SDL_pixels.h,4,4,8
/media/ullmann/hdd/research/engines/Urho3D/Source/ThirdParty/Assimp/contrib/Open3DGC/o3dgcSC3DMCDecoder.h,6,0,6
/media/ullmann/hdd/research/engines/Urho3D/Source/Urho3D/Container/Str.h,1,10,11
/media/ullmann/hdd/research/engines/Urho3D/script/build/include/Urho3D/AngelScript/RegistrationMacros.h,2,1,3
/media/ullmann/hdd/research/engines/Urho3D/script/build/include/Urho3D/Urho2D/TileMapDefs2D.h,2,4,6
/media/ullmann/hdd/research/engines/Urho3D/script/build/include/Urho3D/AngelScript/Manual_Physics.h,5,1,6
/media/ullmann/hdd/research/engines/Urho3D/Source/ThirdParty/FreeType/src/otvalid/otvgpos.c,3,1,4
/media/ullmann/hdd/research/engines/Urho3D/Source/ThirdParty/SDL/src/audio/emscripten/SDL_emscriptenaudio.h,2,1,3
/media/ullmann/hdd/research/engines/Urho3D/Source/ThirdParty/Assimp/code/FindInvalidDataProcess.cpp,5,0,5
/media/ullmann/hdd/research/engines/Urho3D/script/build/include/Urho3D/AngelScript/Manual_Scene.h,5,1,6
/media/ullmann/hdd/research/engines/Urho3D/script/build/include/Urho3D/Graphics/Octree.h,3,3,6
/media/ullmann/hdd/research/engines/Urho3D/include/Urho3D/UI/Text3D.h,4,1,5
/media/ullmann/hdd/research/engines/Urho3D/script/build/include/Urho3D/ThirdParty/SDL/SDL_loadso.h,4,1,5
/media/ullmann/hdd/research/engines/Urho3D/Source/ThirdParty/SLikeNet/Source/src/NetworkIDManager.cpp,7,0,7
/media/ullmann/hdd/research/engines/Urho3D/include/Urho3D/ThirdParty/slikenet/assert.h,0,32,32
/media/ullmann/hdd/research/engines/Urho3D/Source/ThirdParty/SDL/src/video/SDL_surface.c,6,0,6
/media/ullmann/hdd/research/engines/Urho3D/Source/ThirdParty/SDL/src/video/SDL_RLEaccel_c.h,1,4,5
/media/ullmann/hdd/research/engines/Urho3D/Source/ThirdParty/SDL/src/audio/sndio/SDL_sndioaudio.h,2,1,3
/media/ullmann/hdd/research/engines/Urho3D/include/Urho3D/Container/Allocator.h,2,2,4
/media/ullmann/hdd/research/engines/Urho3D/include/Urho3D/Base/PrimitiveTypes.h,0,3,3
/media/ullmann/hdd/research/engines/Urho3D/Source/Urho3D/Scene/Node.cpp,15,0,15
/media/ullmann/hdd/research/engines/Urho3D/include/Urho3D/Scene/Node.h,3,5,8
/media/ullmann/hdd/research/engines/Urho3D/include/Urho3D/IO/VectorBuffer.h,1,10,11
/media/ullmann/hdd/research/engines/Urho3D/Source/Urho3D/UI/DropDownList.cpp,11,0,11
/media/ullmann/hdd/research/engines/Urho3D/Source/ThirdParty/SDL/src/libm/e_atan2.c,2,0,2
/media/ullmann/hdd/research/engines/Urho3D/Source/Urho3D/Container/HashMap.h,5,15,20
/media/ullmann/hdd/research/engines/Urho3D/Source/ThirdParty/Assimp/include/assimp/postprocess.h,1,0,1
/media/ullmann/hdd/research/engines/Urho3D/Source/ThirdParty/WebP/src/dec/idec_dec.c,4,0,4
/media/ullmann/hdd/research/engines/Urho3D/Source/ThirdParty/WebP/src/dec/alphai_dec.h,2,4,6
/media/ullmann/hdd/research/engines/Urho3D/script/build/include/Urho3D/GraphicsAPI/GPUObject.h,1,7,8
/media/ullmann/hdd/research/engines/Urho3D/Source/Urho3D/GraphicsAPI/Direct3D11/D3D11RenderSurface.cpp,8,0,8
/media/ullmann/hdd/research/engines/Urho3D/Source/ThirdParty/SLikeNet/Source/slikenet/socket2.h,1,0,1
/media/ullmann/hdd/research/engines/Urho3D/Source/ThirdParty/SLikeNet/Source/include/slikenet/socket2.h,7,5,12
/media/ullmann/hdd/research/engines/Urho3D/Source/Urho3D/UI/UIBatch.cpp,5,0,5
/media/ullmann/hdd/research/engines/Urho3D/Source/ThirdParty/ik/include/ik/backtrace.h,1,0,1
/media/ullmann/hdd/research/engines/Urho3D/Source/Samples/26_ConsoleInput/ConsoleInput.cpp,1,0,1
/media/ullmann/hdd/research/engines/Urho3D/Source/Samples/26_ConsoleInput/ConsoleInput.h,1,1,2
/media/ullmann/hdd/research/engines/Urho3D/include/Urho3D/Graphics/Model.h,6,3,9
/media/ullmann/hdd/research/engines/Urho3D/Source/Urho3D/Urho2D/TmxFile2D.h,2,5,7
/media/ullmann/hdd/research/engines/Urho3D/include/Urho3D/IO/FileWatcher.h,4,1,5
/media/ullmann/hdd/research/engines/Urho3D/Source/ThirdParty/WebP/src/enc/backward_references_enc.c,7,0,7
/media/ullmann/hdd/research/engines/Urho3D/Source/ThirdParty/WebP/src/utils/color_cache_utils.h,1,5,6
/media/ullmann/hdd/research/engines/Urho3D/Source/ThirdParty/SDL/src/loadso/windows/SDL_sysloadso.c,2,0,2
/media/ullmann/hdd/research/engines/Urho3D/Source/ThirdParty/Bullet/src/BulletCollision/CollisionShapes/btCompoundShape.h,2,2,4
/media/ullmann/hdd/research/engines/Urho3D/Source/ThirdParty/SLikeNet/Source/src/PacketConsoleLogger.cpp,3,0,3
/media/ullmann/hdd/research/engines/Urho3D/include/Urho3D/ThirdParty/slikenet/PacketConsoleLogger.h,0,1,1
/media/ullmann/hdd/research/engines/Urho3D/Source/Urho3D/AngelScript/Generated_DefaultConstructors.cpp,3,0,3
/media/ullmann/hdd/research/engines/Urho3D/Source/ThirdParty/SDL/include/SDL_scancode.h,1,4,5
/media/ullmann/hdd/research/engines/Urho3D/Source/Urho3D/AngelScript/Manual.cpp,2,0,2
/media/ullmann/hdd/research/engines/Urho3D/Source/ThirdParty/ik/src/ordered_vector.c,2,0,2
/media/ullmann/hdd/research/engines/Urho3D/Source/ThirdParty/Assimp/contrib/rapidjson/include/rapidjson/memorybuffer.h,2,0,2
/media/ullmann/hdd/research/engines/Urho3D/Source/ThirdParty/Assimp/contrib/rapidjson/include/rapidjson/internal/stack.h,2,5,7
/media/ullmann/hdd/research/engines/Urho3D/Source/ThirdParty/SDL/src/haptic/windows/SDL_windowshaptic.c,8,0,8
/media/ullmann/hdd/research/engines/Urho3D/Source/ThirdParty/SDL/src/haptic/windows/SDL_xinputhaptic_c.h,2,3,5
/media/ullmann/hdd/research/engines/Urho3D/Source/ThirdParty/WebP/src/dec/vp8li_dec.h,4,8,12
/media/ullmann/hdd/research/engines/Urho3D/Source/ThirdParty/FreeType/src/autofit/afpic.h,1,6,7
/media/ullmann/hdd/research/engines/Urho3D/script/build/include/Urho3D/Engine/Console.h,1,1,2
/media/ullmann/hdd/research/engines/Urho3D/Source/ThirdParty/LuaJIT/src/lj_target.h,7,6,13
/media/ullmann/hdd/research/engines/Urho3D/script/build/include/Urho3D/Core/Timer.h,1,9,10
/media/ullmann/hdd/research/engines/Urho3D/Source/Samples/18_CharacterDemo/Touch.cpp,2,0,2
/media/ullmann/hdd/research/engines/Urho3D/Source/Samples/18_CharacterDemo/Character.h,0,3,3
/media/ullmann/hdd/research/engines/Urho3D/Source/ThirdParty/FreeType/src/base/ftoutln.c,0,1,1
/media/ullmann/hdd/research/engines/Urho3D/Source/ThirdParty/Assimp/code/ASELoader.h,2,3,5
/media/ullmann/hdd/research/engines/Urho3D/Source/ThirdParty/Tracy/common/TracySocket.hpp,1,2,3
/media/ullmann/hdd/research/engines/Urho3D/script/build/include/Urho3D/ThirdParty/SDL/SDL_keyboard.h,6,2,8
/media/ullmann/hdd/research/engines/Urho3D/script/build/include/Urho3D/ThirdParty/SDL/SDL_keycode.h,2,1,3
/media/ullmann/hdd/research/engines/Urho3D/Source/ThirdParty/Assimp/code/FBXAnimation.cpp,4,0,4
/media/ullmann/hdd/research/engines/Urho3D/Source/ThirdParty/LuaJIT/src/lj_cparse.h,2,3,5
/media/ullmann/hdd/research/engines/Urho3D/Source/Urho3D/Graphics/Technique.h,2,12,14
/media/ullmann/hdd/research/engines/Urho3D/script/build/include/Urho3D/Math/Matrix2.h,1,1,2
/media/ullmann/hdd/research/engines/Urho3D/script/build/include/Urho3D/Physics2D/PhysicsUtils2D.h,3,0,3
/media/ullmann/hdd/research/engines/Urho3D/Source/Urho3D/Math/MathDefs.cpp,3,0,3
/media/ullmann/hdd/research/engines/Urho3D/include/Urho3D/GraphicsAPI/Texture.h,4,9,13
/media/ullmann/hdd/research/engines/Urho3D/Source/ThirdParty/SLikeNet/Source/include/slikenet/TableSerializer.h,5,2,7
/media/ullmann/hdd/research/engines/Urho3D/Source/ThirdParty/SLikeNet/Source/include/slikenet/StringCompressor.h,4,3,7
/media/ullmann/hdd/research/engines/Urho3D/Source/ThirdParty/Assimp/code/X3DImporter_Texturing.cpp,2,0,2
/media/ullmann/hdd/research/engines/Urho3D/script/build/include/Urho3D/Navigation/NavigationMesh.h,5,3,8
/media/ullmann/hdd/research/engines/Urho3D/Source/Urho3D/Container/ListBase.h,3,3,6
/media/ullmann/hdd/research/engines/Urho3D/Source/Urho3D/Container/Swap.h,0,5,5
/media/ullmann/hdd/research/engines/Urho3D/Source/ThirdParty/SDL/src/video/SDL_yuv.c,4,0,4
/media/ullmann/hdd/research/engines/Urho3D/Source/ThirdParty/SLikeNet/Source/slikenet/CloudCommon.h,1,0,1
/media/ullmann/hdd/research/engines/Urho3D/Source/ThirdParty/SLikeNet/Source/include/slikenet/CloudCommon.h,3,4,7
/media/ullmann/hdd/research/engines/Urho3D/Source/ThirdParty/Assimp/contrib/irrXML/heapsort.h,1,1,2
/media/ullmann/hdd/research/engines/Urho3D/Source/ThirdParty/Assimp/contrib/irrXML/irrTypes.h,0,3,3
/media/ullmann/hdd/research/engines/Urho3D/Source/ThirdParty/rapidjson/include/rapidjson/istreamwrapper.h,1,0,1
/media/ullmann/hdd/research/engines/Urho3D/Source/ThirdParty/SDL/src/joystick/hidapi/SDL_hidapijoystick_c.h,2,10,12
/media/ullmann/hdd/research/engines/Urho3D/Source/Samples/18_CharacterDemo/Character.cpp,1,0,1
/media/ullmann/hdd/research/engines/Urho3D/Source/ThirdParty/Assimp/code/Q3BSPFileParser.cpp,3,0,3
/media/ullmann/hdd/research/engines/Urho3D/Source/ThirdParty/Assimp/code/Q3BSPFileData.h,0,2,2
/media/ullmann/hdd/research/engines/Urho3D/include/Urho3D/Graphics/RibbonTrail.h,1,1,2
/media/ullmann/hdd/research/engines/Urho3D/include/Urho3D/Scene/Scene.h,6,3,9
/media/ullmann/hdd/research/engines/Urho3D/include/Urho3D/Scene/SceneResolver.h,2,2,4
/media/ullmann/hdd/research/engines/Urho3D/Source/ThirdParty/SDL/src/joystick/darwin/SDL_sysjoystick.c,6,0,6
/media/ullmann/hdd/research/engines/Urho3D/Source/ThirdParty/WebP/src/dec/io_dec.c,5,0,5
/media/ullmann/hdd/research/engines/Urho3D/Source/ThirdParty/LuaJIT/src/lj_ff.h,0,11,11
/media/ullmann/hdd/research/engines/Urho3D/Source/Urho3D/UI/Menu.cpp,10,0,10
/media/ullmann/hdd/research/engines/Urho3D/Source/Urho3D/UI/UI.h,4,25,29
/media/ullmann/hdd/research/engines/Urho3D/Source/Urho3D/AngelScript/Manual_Physics2D.h,4,2,6
/media/ullmann/hdd/research/engines/Urho3D/Source/Urho3D/Physics2D/CollisionChain2D.h,1,4,5
/media/ullmann/hdd/research/engines/Urho3D/include/Urho3D/Navigation/CrowdAgent.h,2,2,4
/media/ullmann/hdd/research/engines/Urho3D/Source/Urho3D/Urho2D/TileMap2D.h,2,4,6
/media/ullmann/hdd/research/engines/Urho3D/include/Urho3D/Core/EventProfiler.h,1,1,2
/media/ullmann/hdd/research/engines/Urho3D/Source/ThirdParty/Assimp/code/glTFExporter.cpp,6,0,6
/media/ullmann/hdd/research/engines/Urho3D/Source/ThirdParty/Assimp/code/glTFAssetWriter.h,2,2,4
/media/ullmann/hdd/research/engines/Urho3D/include/Urho3D/Physics2D/ConstraintGear2D.h,1,1,2
/media/ullmann/hdd/research/engines/Urho3D/Source/ThirdParty/SDL/include/SDL_opengl.h,1,0,1
/media/ullmann/hdd/research/engines/Urho3D/Source/ThirdParty/SDL/include/SDL_opengl_glext.h,0,1,1
/media/ullmann/hdd/research/engines/Urho3D/Source/ThirdParty/SLikeNet/Source/slikenet/UDPProxyClient.h,1,0,1
/media/ullmann/hdd/research/engines/Urho3D/Source/ThirdParty/Assimp/code/FileSystemFilter.h,4,1,5
/media/ullmann/hdd/research/engines/Urho3D/Source/ThirdParty/SDL/src/stdlib/SDL_malloc.c,2,0,2
/media/ullmann/hdd/research/engines/Urho3D/Source/ThirdParty/Assimp/contrib/rapidjson/include/rapidjson/schema.h,4,0,4
/media/ullmann/hdd/research/engines/Urho3D/Source/ThirdParty/Assimp/contrib/rapidjson/include/rapidjson/document.h,5,2,7
/media/ullmann/hdd/research/engines/Urho3D/Source/ThirdParty/Assimp/code/3DSExporter.cpp,5,0,5
/media/ullmann/hdd/research/engines/Urho3D/Source/ThirdParty/Assimp/code/StringComparison.h,0,22,22
/media/ullmann/hdd/research/engines/Urho3D/Source/Urho3D/UI/Sprite.cpp,6,0,6
/media/ullmann/hdd/research/engines/Urho3D/Source/ThirdParty/SLikeNet/Source/include/slikenet/PacketConsoleLogger.h,2,2,4
/media/ullmann/hdd/research/engines/Urho3D/include/Urho3D/Container/Str.h,1,9,10
/media/ullmann/hdd/research/engines/Urho3D/Source/ThirdParty/SDL/src/audio/emscripten/SDL_emscriptenaudio.c,3,0,3
/media/ullmann/hdd/research/engines/Urho3D/include/Urho3D/ThirdParty/SDL/SDL_touch.h,5,2,7
/media/ullmann/hdd/research/engines/Urho3D/script/build/include/Urho3D/ThirdParty/SDL/SDL_bits.h,3,0,3
/media/ullmann/hdd/research/engines/Urho3D/Source/Urho3D/IO/FileSystem.cpp,12,0,12
/media/ullmann/hdd/research/engines/Urho3D/Source/Urho3D/Audio/OggVorbisSoundStream.cpp,4,0,4
/media/ullmann/hdd/research/engines/Urho3D/Source/Urho3D/Audio/Sound.h,2,6,8
/media/ullmann/hdd/research/engines/Urho3D/Source/Urho3D/Audio/SoundListener.cpp,3,0,3
/media/ullmann/hdd/research/engines/Urho3D/Source/ThirdParty/LuaJIT/src/lj_mcode.h,2,4,6
/media/ullmann/hdd/research/engines/Urho3D/Source/ThirdParty/SLikeNet/Source/src/ThreadsafePacketLogger.cpp,4,0,4
/media/ullmann/hdd/research/engines/Urho3D/include/Urho3D/ThirdParty/slikenet/ThreadsafePacketLogger.h,0,1,1
/media/ullmann/hdd/research/engines/Urho3D/Source/ThirdParty/LuaJIT/src/lj_snap.h,2,6,8
/media/ullmann/hdd/research/engines/Urho3D/Source/ThirdParty/WebP/src/utils/bit_reader_inl_utils.h,4,3,7
/media/ullmann/hdd/research/engines/Urho3D/Source/ThirdParty/WebP/src/enc/near_lossless_enc.c,3,0,3
/media/ullmann/hdd/research/engines/Urho3D/Source/ThirdParty/WebP/src/dsp/lossless_common.h,2,13,15
/media/ullmann/hdd/research/engines/Urho3D/Source/ThirdParty/SDL/src/video/SDL_blit.c,8,0,8
/media/ullmann/hdd/research/engines/Urho3D/Source/ThirdParty/SDL/src/video/SDL_blit_auto.h,1,2,3
/media/ullmann/hdd/research/engines/Urho3D/Source/ThirdParty/LibCpuId/src/rdmsr.c,5,0,5
/media/ullmann/hdd/research/engines/Urho3D/Source/ThirdParty/LuaJIT/src/lj_snap.c,14,1,15
/media/ullmann/hdd/research/engines/Urho3D/Source/ThirdParty/FreeType/src/cid/cidriver.c,3,1,4
/media/ullmann/hdd/research/engines/Urho3D/Source/ThirdParty/FreeType/src/cid/ciderrs.h,0,5,5
/media/ullmann/hdd/research/engines/Urho3D/Source/ThirdParty/Lua/src/lauxlib.c,2,0,2
/media/ullmann/hdd/research/engines/Urho3D/include/Urho3D/ThirdParty/ik/chain_tree.h,2,6,8
/media/ullmann/hdd/research/engines/Urho3D/Source/ThirdParty/SLikeNet/Source/src/Router2.cpp,10,0,10
/media/ullmann/hdd/research/engines/Urho3D/Source/ThirdParty/Box2D/src/dynamics/b2_polygon_circle_contact.cpp,3,0,3
/media/ullmann/hdd/research/engines/Urho3D/Source/ThirdParty/SDL/src/video/android/SDL_androidgl.c,6,0,6
/media/ullmann/hdd/research/engines/Urho3D/Source/ThirdParty/SLikeNet/Source/include/slikenet/socket.h,7,2,9
/media/ullmann/hdd/research/engines/Urho3D/Source/ThirdParty/SDL/include/SDL_syswm.h,7,0,7
/media/ullmann/hdd/research/engines/Urho3D/Source/ThirdParty/Bullet/src/BulletCollision/CollisionDispatch/btBoxBoxCollisionAlgorithm.cpp,2,0,2
/media/ullmann/hdd/research/engines/Urho3D/Source/ThirdParty/Bullet/src/BulletCollision/CollisionDispatch/btBoxBoxDetector.h,0,2,2
/media/ullmann/hdd/research/engines/Urho3D/include/Urho3D/Core/Spline.h,5,3,8
/media/ullmann/hdd/research/engines/Urho3D/Source/ThirdParty/AngelScript/source/as_scriptnode.h,2,5,7
/media/ullmann/hdd/research/engines/Urho3D/Source/Urho3D/Urho2D/Urho2D.cpp,15,0,15
/media/ullmann/hdd/research/engines/Urho3D/Source/ThirdParty/LuaJIT/src/lj_alloc.h,1,3,4
/media/ullmann/hdd/research/engines/Urho3D/Source/ThirdParty/FreeType/src/pfr/pfr.c,6,0,6
/media/ullmann/hdd/research/engines/Urho3D/Source/ThirdParty/FreeType/src/pfr/pfrcmap.c,3,1,4
/media/ullmann/hdd/research/engines/Urho3D/Source/Urho3D/Resource/JSONValue.h,1,9,10
/media/ullmann/hdd/research/engines/Urho3D/Source/ThirdParty/SLikeNet/Source/src/RakString.cpp,11,0,11
/media/ullmann/hdd/research/engines/Urho3D/include/Urho3D/ThirdParty/slikenet/memoryoverride.h,0,9,9
/media/ullmann/hdd/research/engines/Urho3D/Source/ThirdParty/ik/src/constraint.c,4,0,4
/media/ullmann/hdd/research/engines/Urho3D/include/Urho3D/ThirdParty/ik/log.h,1,8,9
/media/ullmann/hdd/research/engines/Urho3D/Source/ThirdParty/Assimp/code/MD5Parser.h,1,1,2
/media/ullmann/hdd/research/engines/Urho3D/include/Urho3D/GraphicsAPI/ShaderPrecache.h,3,1,4
/media/ullmann/hdd/research/engines/Urho3D/Source/ThirdParty/ETCPACK/source/image.cxx,1,0,1
/media/ullmann/hdd/research/engines/Urho3D/Source/ThirdParty/ETCPACK/source/image.h,0,2,2
/media/ullmann/hdd/research/engines/Urho3D/Source/ThirdParty/Bullet/src/LinearMath/btIDebugDraw.h,2,1,3
/media/ullmann/hdd/research/engines/Urho3D/Source/ThirdParty/SDL/src/haptic/darwin/SDL_syshaptic.c,5,0,5
/media/ullmann/hdd/research/engines/Urho3D/Source/ThirdParty/SDL/src/haptic/darwin/SDL_syshaptic_c.h,0,2,2
/media/ullmann/hdd/research/engines/Urho3D/Source/Urho3D/Engine/EngineEvents.h,1,5,6
/media/ullmann/hdd/research/engines/Urho3D/Source/ThirdParty/SDL/src/joystick/windows/SDL_dinputjoystick.c,6,0,6
/media/ullmann/hdd/research/engines/Urho3D/Source/ThirdParty/ik/src/log.c,3,0,3
/media/ullmann/hdd/research/engines/Urho3D/script/build/include/Urho3D/UI/BorderImage.h,2,10,12
/media/ullmann/hdd/research/engines/Urho3D/include/Urho3D/AngelScript/Manual_Scene.h,5,1,6
/media/ullmann/hdd/research/engines/Urho3D/Source/ThirdParty/Assimp/code/GenVertexNormalsProcess.h,1,2,3
/media/ullmann/hdd/research/engines/Urho3D/Source/ThirdParty/SDL/src/thread/psp/SDL_syscond.c,1,0,1
/media/ullmann/hdd/research/engines/Urho3D/Source/Urho3D/GraphicsAPI/GPUObject.cpp,4,0,4
/media/ullmann/hdd/research/engines/Urho3D/Source/ThirdParty/LuaJIT/src/lib_io.c,12,1,13
/media/ullmann/hdd/research/engines/Urho3D/Source/ThirdParty/SDL/src/video/dummy/SDL_nullvideo.c,7,0,7
/media/ullmann/hdd/research/engines/Urho3D/Source/ThirdParty/SDL/src/video/wayland/SDL_waylandopengles.c,8,0,8
/media/ullmann/hdd/research/engines/Urho3D/Source/Urho3D/Navigation/OffMeshConnection.cpp,6,0,6
/media/ullmann/hdd/research/engines/Urho3D/Source/Urho3D/Navigation/OffMeshConnection.h,1,4,5
/media/ullmann/hdd/research/engines/Urho3D/Source/Urho3D/Math/Plane.cpp,3,0,3
/media/ullmann/hdd/research/engines/Urho3D/Source/ThirdParty/WebP/src/demux/demux.c,4,0,4
/media/ullmann/hdd/research/engines/Urho3D/Source/Urho3D/GraphicsAPI/OpenGL/OGLVertexBuffer.cpp,6,0,6
/media/ullmann/hdd/research/engines/Urho3D/Source/Urho3D/IK/IKConstraint.h,1,4,5
/media/ullmann/hdd/research/engines/Urho3D/include/Urho3D/IK/IKSolver.h,1,1,2
/media/ullmann/hdd/research/engines/Urho3D/Source/ThirdParty/Lua/src/ldo.h,3,15,18
/media/ullmann/hdd/research/engines/Urho3D/include/Urho3D/UI/FontFace.h,2,3,5
/media/ullmann/hdd/research/engines/Urho3D/Source/ThirdParty/SLikeNet/Source/src/RakNetSocket2_360_720.cpp,1,1,2
/media/ullmann/hdd/research/engines/Urho3D/Source/ThirdParty/Assimp/code/MMDImporter.cpp,5,0,5
/media/ullmann/hdd/research/engines/Urho3D/Source/ThirdParty/Assimp/code/ConvertToLHProcess.h,1,12,13
/media/ullmann/hdd/research/engines/Urho3D/include/Urho3D/ThirdParty/slikenet/peerinterface.h,0,27,27
/media/ullmann/hdd/research/engines/Urho3D/Source/Samples/10_RenderToTexture/Rotator.h,0,2,2
/media/ullmann/hdd/research/engines/Urho3D/Source/ThirdParty/Assimp/code/MMDPmxParser.cpp,3,0,3
/media/ullmann/hdd/research/engines/Urho3D/Source/ThirdParty/Assimp/code/MMDPmxParser.h,1,3,4
/media/ullmann/hdd/research/engines/Urho3D/Source/ThirdParty/SDL/src/haptic/windows/SDL_dinputhaptic_c.h,2,3,5
/media/ullmann/hdd/research/engines/Urho3D/Source/Urho3D/Engine/DebugHud.cpp,15,0,15
/media/ullmann/hdd/research/engines/Urho3D/Source/ThirdParty/Bullet/src/BulletCollision/Gimpact/gim_pair.h,0,2,2
/media/ullmann/hdd/research/engines/Urho3D/Source/ThirdParty/FreeType/src/gxvalid/gxvcommn.c,1,1,2
/media/ullmann/hdd/research/engines/Urho3D/Source/ThirdParty/FreeType/src/gxvalid/gxvcommn.h,1,13,14
/media/ullmann/hdd/research/engines/Urho3D/include/Urho3D/Navigation/DynamicNavigationMesh.h,1,2,3
/media/ullmann/hdd/research/engines/Urho3D/include/Urho3D/Navigation/NavigationMesh.h,5,3,8
/media/ullmann/hdd/research/engines/Urho3D/Source/ThirdParty/SLikeNet/Source/src/WSAStartupSingleton.cpp,2,0,2
/media/ullmann/hdd/research/engines/Urho3D/include/Urho3D/ThirdParty/slikenet/defines.h,0,5,5
/media/ullmann/hdd/research/engines/Urho3D/Source/Urho3D/AngelScript/Generated_ObjectTypes.cpp,3,0,3
/media/ullmann/hdd/research/engines/Urho3D/Source/ThirdParty/SLikeNet/Source/include/slikenet/statistics.h,3,3,6
/media/ullmann/hdd/research/engines/Urho3D/Source/ThirdParty/AngelScript/source/as_gc.cpp,4,0,4
/media/ullmann/hdd/research/engines/Urho3D/Source/ThirdParty/WebP/src/dsp/rescaler_msa.c,3,0,3
/media/ullmann/hdd/research/engines/Urho3D/Source/ThirdParty/Lua/src/lparser.h,3,5,8
/media/ullmann/hdd/research/engines/Urho3D/Source/ThirdParty/Lua/src/lobject.h,2,31,33
/media/ullmann/hdd/research/engines/Urho3D/Source/ThirdParty/WebP/src/webp/encode.h,1,6,7
/media/ullmann/hdd/research/engines/Urho3D/include/Urho3D/ThirdParty/rapidjson/stringbuffer.h,2,2,4
/media/ullmann/hdd/research/engines/Urho3D/Source/Samples/99_Benchmark/AppState_Benchmark02.cpp,3,0,3
/media/ullmann/hdd/research/engines/Urho3D/Source/Samples/99_Benchmark/AppState_Benchmark02.h,1,2,3
/media/ullmann/hdd/research/engines/Urho3D/Source/ThirdParty/SDL/src/filesystem/unix/SDL_sysfilesystem.c,1,0,1
/media/ullmann/hdd/research/engines/Urho3D/Source/Urho3D/GraphicsAPI/ConstantBuffer.h,4,11,15
/media/ullmann/hdd/research/engines/Urho3D/Source/ThirdParty/SLikeNet/Source/include/slikenet/DS_Hash.h,4,10,14
/media/ullmann/hdd/research/engines/Urho3D/Source/Urho3D/GraphicsAPI/Direct3D11/D3D11GraphicsImpl.h,5,13,18
/media/ullmann/hdd/research/engines/Urho3D/Source/ThirdParty/SLikeNet/Source/slikenet/VariadicSQLParser.h,1,0,1
/media/ullmann/hdd/research/engines/Urho3D/Source/ThirdParty/SLikeNet/Source/include/slikenet/VariadicSQLParser.h,1,2,3
/media/ullmann/hdd/research/engines/Urho3D/script/build/include/Urho3D/AngelScript/Manual_Math.h,2,1,3
/media/ullmann/hdd/research/engines/Urho3D/script/build/include/Urho3D/Math/Polyhedron.h,1,3,4
/media/ullmann/hdd/research/engines/Urho3D/include/Urho3D/Scene/ValueAnimation.h,2,1,3
/media/ullmann/hdd/research/engines/Urho3D/Source/ThirdParty/Assimp/code/FBXMaterial.cpp,7,0,7
/media/ullmann/hdd/research/engines/Urho3D/Source/ThirdParty/LuaJIT/src/lib_aux.c,8,1,9
/media/ullmann/hdd/research/engines/Urho3D/Source/ThirdParty/SDL/src/thread/pthread/SDL_sysmutex.c,1,0,1
/media/ullmann/hdd/research/engines/Urho3D/include/Urho3D/UI/FileSelector.h,1,2,3
/media/ullmann/hdd/research/engines/Urho3D/script/build/include/Urho3D/AngelScript/Manual_Resource.h,4,1,5
/media/ullmann/hdd/research/engines/Urho3D/script/build/include/Urho3D/IO/PackageFile.h,1,4,5
/media/ullmann/hdd/research/engines/Urho3D/Source/ThirdParty/LuaJIT/src/lib_table.c,10,1,11
/media/ullmann/hdd/research/engines/Urho3D/Source/ThirdParty/LuaJIT/src/lauxlib.h,1,18,19
/media/ullmann/hdd/research/engines/Urho3D/Source/ThirdParty/Lua/src/lmem.h,2,15,17
/media/ullmann/hdd/research/engines/Urho3D/Source/ThirdParty/Lua/src/lcode.c,11,0,11
/media/ullmann/hdd/research/engines/Urho3D/Source/ThirdParty/Assimp/code/BlenderDNA.h,3,7,10
/media/ullmann/hdd/research/engines/Urho3D/Source/ThirdParty/Assimp/code/ColladaParser.h,3,3,6
/media/ullmann/hdd/research/engines/Urho3D/script/build/include/Urho3D/IO/Deserializer.h,3,3,6
/media/ullmann/hdd/research/engines/Urho3D/include/Urho3D/ThirdParty/slikenet/TransportInterface.h,0,4,4
/media/ullmann/hdd/research/engines/Urho3D/script/build/include/Urho3D/UI/LineEdit.h,1,1,2
/media/ullmann/hdd/research/engines/Urho3D/include/Urho3D/LibraryInfo.h,1,1,2
/media/ullmann/hdd/research/engines/Urho3D/Source/ThirdParty/Tracy/client/TracyDxt1.hpp,0,2,2
/media/ullmann/hdd/research/engines/Urho3D/Source/ThirdParty/WebP/src/utils/utils.c,5,0,5
/media/ullmann/hdd/research/engines/Urho3D/Source/ThirdParty/SDL/src/timer/SDL_timer.c,3,0,3
/media/ullmann/hdd/research/engines/Urho3D/Source/ThirdParty/Assimp/code/VertexTriangleAdjacency.h,1,2,3
/media/ullmann/hdd/research/engines/Urho3D/Source/ThirdParty/WebP/src/dsp/dec_mips_dsp_r2.c,2,0,2
/media/ullmann/hdd/research/engines/Urho3D/include/Urho3D/Network/HttpRequest.h,5,2,7
/media/ullmann/hdd/research/engines/Urho3D/Source/ThirdParty/SLikeNet/Source/slikenet/DR_SHA1.h,1,0,1
/media/ullmann/hdd/research/engines/Urho3D/script/build/include/Urho3D/AngelScript/Manual_UI.h,5,1,6
/media/ullmann/hdd/research/engines/Urho3D/script/build/include/Urho3D/UI/DropDownList.h,1,2,3
/media/ullmann/hdd/research/engines/Urho3D/Source/Urho3D/Physics2D/ConstraintFriction2D.cpp,6,0,6
/media/ullmann/hdd/research/engines/Urho3D/Source/ThirdParty/Assimp/contrib/irrXML/irrArray.h,2,2,4
/media/ullmann/hdd/research/engines/Urho3D/Source/ThirdParty/LuaJIT/src/lj_asm_x86.h,0,1,1
/media/ullmann/hdd/research/engines/Urho3D/Source/ThirdParty/SDL/src/video/nacl/SDL_naclvideo.c,7,0,7
/media/ullmann/hdd/research/engines/Urho3D/Source/ThirdParty/SDL/src/joystick/SDL_joystick.c,6,0,6
/media/ullmann/hdd/research/engines/Urho3D/Source/Urho3D/UI/Slider.h,1,5,6
/media/ullmann/hdd/research/engines/Urho3D/Source/ThirdParty/SDL/include/SDL_rwops.h,4,5,9
/media/ullmann/hdd/research/engines/Urho3D/Source/Urho3D/Core/MiniDump.cpp,3,0,3
/media/ullmann/hdd/research/engines/Urho3D/Source/ThirdParty/SDL/src/audio/directsound/SDL_directsound.h,3,1,4
/media/ullmann/hdd/research/engines/Urho3D/Source/ThirdParty/AngelScript/source/as_namespace.h,1,1,2
/media/ullmann/hdd/research/engines/Urho3D/Source/ThirdParty/Bullet/src/BulletSoftBody/btDeformableBackwardEulerObjective.cpp,2,0,2
/media/ullmann/hdd/research/engines/Urho3D/Source/ThirdParty/Bullet/src/BulletSoftBody/btDeformableBackwardEulerObjective.h,10,2,12
/media/ullmann/hdd/research/engines/Urho3D/Source/Urho3D/Scene/AnimationDefs.h,0,3,3
/media/ullmann/hdd/research/engines/Urho3D/Source/ThirdParty/Assimp/contrib/Open3DGC/o3dgcBinaryStream.h,2,8,10
/media/ullmann/hdd/research/engines/Urho3D/Source/Urho3D/IO/Deserializer.h,3,17,20
/media/ullmann/hdd/research/engines/Urho3D/Source/ThirdParty/Assimp/code/MD3Loader.cpp,5,0,5
/media/ullmann/hdd/research/engines/Urho3D/script/build/include/Urho3D/LibraryInfo.h,1,1,2
/media/ullmann/hdd/research/engines/Urho3D/Source/ThirdParty/Assimp/code/COBLoader.cpp,7,0,7
/media/ullmann/hdd/research/engines/Urho3D/Source/ThirdParty/SDL/src/render/software/SDL_blendfillrect.c,3,0,3
/media/ullmann/hdd/research/engines/Urho3D/Source/ThirdParty/SDL/src/render/software/SDL_draw.h,2,6,8
/media/ullmann/hdd/research/engines/Urho3D/Source/Samples/44_RibbonTrailDemo/RibbonTrailDemo.h,1,1,2
/media/ullmann/hdd/research/engines/Urho3D/Source/ThirdParty/SLikeNet/Source/src/EmailSender.cpp,11,0,11
/media/ullmann/hdd/research/engines/Urho3D/include/Urho3D/ThirdParty/slikenet/EmailSender.h,0,1,1
/media/ullmann/hdd/research/engines/Urho3D/script/build/include/Urho3D/UI/Text3D.h,4,1,5
/media/ullmann/hdd/research/engines/Urho3D/Source/ThirdParty/SLikeNet/Source/include/slikenet/wstring.h,4,3,7
/media/ullmann/hdd/research/engines/Urho3D/script/build/include/Urho3D/ThirdParty/SDL/SDL_types.h,1,0,1
/media/ullmann/hdd/research/engines/Urho3D/Source/ThirdParty/LuaJIT/src/lib_init.c,4,1,5
/media/ullmann/hdd/research/engines/Urho3D/Source/Samples/50_Urho2DPlatformer/Urho2DPlatformer.h,2,1,3
/media/ullmann/hdd/research/engines/Urho3D/Source/ThirdParty/WebP/src/enc/config_enc.c,1,0,1
/media/ullmann/hdd/research/engines/Urho3D/Source/Urho3D/Graphics/OcclusionBuffer.cpp,7,0,7
/media/ullmann/hdd/research/engines/Urho3D/Source/ThirdParty/SDL/src/video/psp/SDL_pspvideo.c,7,0,7
/media/ullmann/hdd/research/engines/Urho3D/Source/ThirdParty/SDL/src/video/psp/SDL_pspevents_c.h,1,2,3
/media/ullmann/hdd/research/engines/Urho3D/Source/ThirdParty/FreeType/src/smooth/ftgrays.c,3,1,4
/media/ullmann/hdd/research/engines/Urho3D/Source/ThirdParty/FreeType/src/smooth/ftspic.h,0,3,3
/media/ullmann/hdd/research/engines/Urho3D/Source/ThirdParty/SDL/src/render/software/SDL_drawline.c,4,0,4
/media/ullmann/hdd/research/engines/Urho3D/Source/ThirdParty/AngelScript/source/as_gc.h,4,2,6
/media/ullmann/hdd/research/engines/Urho3D/Source/ThirdParty/Assimp/contrib/Open3DGC/o3dgcDynamicVectorEncoder.cpp,4,0,4
/media/ullmann/hdd/research/engines/Urho3D/Source/ThirdParty/LuaJIT/src/luajit.c,5,0,5
/media/ullmann/hdd/research/engines/Urho3D/Source/ThirdParty/WebP/src/enc/syntax_enc.c,4,0,4
/media/ullmann/hdd/research/engines/Urho3D/Source/ThirdParty/WebP/src/webp/mux_types.h,1,4,5
/media/ullmann/hdd/research/engines/Urho3D/Source/ThirdParty/SLikeNet/Source/slikenet/CCRakNetSlidingWindow.h,1,0,1
/media/ullmann/hdd/research/engines/Urho3D/include/Urho3D/Physics2D/CollisionPolygon2D.h,1,2,3
/media/ullmann/hdd/research/engines/Urho3D/Source/ThirdParty/Lua/src/ltablib.c,3,0,3
/media/ullmann/hdd/research/engines/Urho3D/Source/ThirdParty/SDL/src/thread/psp/SDL_systhread.c,3,0,3
/media/ullmann/hdd/research/engines/Urho3D/include/Urho3D/ThirdParty/ik/util.h,1,1,2
/media/ullmann/hdd/research/engines/Urho3D/script/build/include/Urho3D/ThirdParty/SDL/SDL_opengles2.h,5,0,5
/media/ullmann/hdd/research/engines/Urho3D/script/build/include/Urho3D/ThirdParty/SDL/SDL_opengles2_khrplatform.h,0,1,1
/media/ullmann/hdd/research/engines/Urho3D/Source/ThirdParty/rapidjson/include/rapidjson/reader.h,8,1,9
/media/ullmann/hdd/research/engines/Urho3D/Source/Urho3D/Graphics/AnimationState.h,2,7,9
/media/ullmann/hdd/research/engines/Urho3D/Source/ThirdParty/SDL/src/audio/jack/SDL_jackaudio.c,4,0,4
/media/ullmann/hdd/research/engines/Urho3D/Source/ThirdParty/LuaJIT/src/lj_strfmt.c,6,1,7
/media/ullmann/hdd/research/engines/Urho3D/Source/ThirdParty/Assimp/code/OgreImporter.h,3,3,6
/media/ullmann/hdd/research/engines/Urho3D/Source/Urho3D/Physics2D/CollisionChain2D.cpp,7,0,7
/media/ullmann/hdd/research/engines/Urho3D/script/build/include/Urho3D/Graphics/Geometry.h,3,1,4
/media/ullmann/hdd/research/engines/Urho3D/Source/ThirdParty/SDL/src/video/android/SDL_androidwindow.h,3,6,9
/media/ullmann/hdd/research/engines/Urho3D/include/Urho3D/ThirdParty/slikenet/_FindFirst.h,0,3,3
/media/ullmann/hdd/research/engines/Urho3D/Source/ThirdParty/SDL/src/video/winrt/SDL_winrtkeyboard.cpp,4,0,4
/media/ullmann/hdd/research/engines/Urho3D/Source/ThirdParty/FreeType/src/cid/cidgload.h,1,3,4
/media/ullmann/hdd/research/engines/Urho3D/Source/Urho3D/AngelScript/Manual_Navigation.cpp,3,0,3
/media/ullmann/hdd/research/engines/Urho3D/Source/ThirdParty/SDL/src/render/software/SDL_drawpoint.c,3,0,3
/media/ullmann/hdd/research/engines/Urho3D/script/build/include/Urho3D/ThirdParty/SDL/SDL_rect.h,6,4,10
/media/ullmann/hdd/research/engines/Urho3D/Source/ThirdParty/Assimp/code/D3MFOpcPackage.cpp,3,0,3
/media/ullmann/hdd/research/engines/Urho3D/Source/ThirdParty/Assimp/code/D3MFOpcPackage.h,1,3,4
/media/ullmann/hdd/research/engines/Urho3D/Source/Urho3D/Scene/LogicComponent.cpp,6,0,6
/media/ullmann/hdd/research/engines/Urho3D/script/build/include/Urho3D/Urho2D/TileMap2D.h,2,1,3
/media/ullmann/hdd/research/engines/Urho3D/Source/ThirdParty/SLikeNet/Source/include/slikenet/BitStream.h,7,14,21
/media/ullmann/hdd/research/engines/Urho3D/Source/ThirdParty/SDL/src/audio/SDL_wave.c,2,0,2
/media/ullmann/hdd/research/engines/Urho3D/Source/ThirdParty/Assimp/code/JoinVerticesProcess.cpp,4,0,4
/media/ullmann/hdd/research/engines/Urho3D/Source/ThirdParty/Assimp/code/TinyFormatter.h,0,23,23
/media/ullmann/hdd/research/engines/Urho3D/Source/ThirdParty/FreeType/src/gxvalid/gxvopbd.c,2,1,3
/media/ullmann/hdd/research/engines/Urho3D/Source/ThirdParty/SLikeNet/Source/slikenet/LogCommandParser.h,1,0,1
/media/ullmann/hdd/research/engines/Urho3D/Source/ThirdParty/SLikeNet/Source/include/slikenet/LogCommandParser.h,3,2,5
/media/ullmann/hdd/research/engines/Urho3D/Source/ThirdParty/Box2D/include/box2d/b2_revolute_joint.h,2,1,3
/media/ullmann/hdd/research/engines/Urho3D/Source/Urho3D/Graphics/Viewport.h,5,4,9
/media/ullmann/hdd/research/engines/Urho3D/script/build/include/Urho3D/Scene/ReplicationState.h,5,2,7
/media/ullmann/hdd/research/engines/Urho3D/Source/ThirdParty/SDL/src/video/dummy/SDL_nullframebuffer_c.h,1,2,3
/media/ullmann/hdd/research/engines/Urho3D/Source/ThirdParty/SDL/src/core/winrt/SDL_winrtapp_xaml.cpp,5,0,5
/media/ullmann/hdd/research/engines/Urho3D/Source/ThirdParty/SDL/src/video/haiku/SDL_bvideo.h,2,1,3
/media/ullmann/hdd/research/engines/Urho3D/script/build/include/Urho3D/ThirdParty/SDL/SDL_endian.h,3,3,6
/media/ullmann/hdd/research/engines/Urho3D/Source/ThirdParty/SDL/src/video/x11/SDL_x11modes.h,1,1,2
/media/ullmann/hdd/research/engines/Urho3D/Source/Urho3D/GraphicsAPI/Direct3D11/D3D11Texture2DArray.cpp,13,0,13
/media/ullmann/hdd/research/engines/Urho3D/Source/Urho3D/AngelScript/Manual_Resource.h,4,2,6
/media/ullmann/hdd/research/engines/Urho3D/Source/Urho3D/Network/Network.h,4,5,9
/media/ullmann/hdd/research/engines/Urho3D/Source/ThirdParty/SDL/src/video/x11/imKStoUCS.c,2,0,2
/media/ullmann/hdd/research/engines/Urho3D/Source/Urho3D/Resource/Resource.cpp,6,0,6
/media/ullmann/hdd/research/engines/Urho3D/Source/Urho3D/Navigation/Obstacle.cpp,9,0,9
/media/ullmann/hdd/research/engines/Urho3D/script/build/include/Urho3D/Network/HttpRequest.h,5,2,7
/media/ullmann/hdd/research/engines/Urho3D/script/build/include/Urho3D/Core/Mutex.h,1,15,16
/media/ullmann/hdd/research/engines/Urho3D/Source/ThirdParty/rapidjson/include/rapidjson/internal/clzll.h,1,3,4
/media/ullmann/hdd/research/engines/Urho3D/script/build/include/Urho3D/ThirdParty/rapidjson/reader.h,8,1,9
/media/ullmann/hdd/research/engines/Urho3D/script/build/include/Urho3D/Database/SQLite/SQLiteConnection.h,2,1,3
/media/ullmann/hdd/research/engines/Urho3D/Source/ThirdParty/SDL/src/audio/nas/SDL_nasaudio.c,3,0,3
/media/ullmann/hdd/research/engines/Urho3D/Source/ThirdParty/Bullet/src/BulletCollision/CollisionShapes/btTriangleBuffer.h,1,1,2
/media/ullmann/hdd/research/engines/Urho3D/Source/ThirdParty/Bullet/src/BulletCollision/CollisionShapes/btTriangleCallback.h,0,4,4
/media/ullmann/hdd/research/engines/Urho3D/Source/Urho3D/Physics2D/CollisionEdge2D.h,1,3,4
/media/ullmann/hdd/research/engines/Urho3D/Source/ThirdParty/FreeType/src/cache/ftcglyph.c,3,1,4
/media/ullmann/hdd/research/engines/Urho3D/Source/ThirdParty/FreeType/src/cache/ftccback.h,5,7,12
/media/ullmann/hdd/research/engines/Urho3D/Source/ThirdParty/WebP/src/dsp/dec_msa.c,2,0,2
/media/ullmann/hdd/research/engines/Urho3D/Source/ThirdParty/WebP/src/dsp/msa_macro.h,0,7,7
/media/ullmann/hdd/research/engines/Urho3D/Source/ThirdParty/Assimp/code/MS3DLoader.cpp,2,0,2
/media/ullmann/hdd/research/engines/Urho3D/Source/ThirdParty/Tracy/client/TracyThread.hpp,1,2,3
/media/ullmann/hdd/research/engines/Urho3D/script/build/include/Urho3D/Engine/EngineEvents.h,1,0,1
/media/ullmann/hdd/research/engines/Urho3D/Source/ThirdParty/Bullet/src/BulletCollision/CollisionShapes/btShapeHull.cpp,1,0,1
/media/ullmann/hdd/research/engines/Urho3D/Source/ThirdParty/Bullet/src/BulletCollision/CollisionShapes/btShapeHull.h,0,1,1
/media/ullmann/hdd/research/engines/Urho3D/Source/ThirdParty/SDL/src/events/SDL_sysevents.h,2,4,6
/media/ullmann/hdd/research/engines/Urho3D/script/build/include/Urho3D/ThirdParty/rapidjson/cursorstreamwrapper.h,1,0,1
/media/ullmann/hdd/research/engines/Urho3D/Source/ThirdParty/Assimp/contrib/rapidjson/include/rapidjson/encodedstream.h,2,2,4
/media/ullmann/hdd/research/engines/Urho3D/Source/Urho3D/Core/WorkQueue.h,3,9,12
/media/ullmann/hdd/research/engines/Urho3D/Source/Urho3D/Scene/Serializable.h,2,3,5
/media/ullmann/hdd/research/engines/Urho3D/Source/ThirdParty/SLikeNet/Source/NatTypeDetectionClient.h,1,0,1
/media/ullmann/hdd/research/engines/Urho3D/Source/ThirdParty/SDL/src/render/software/SDL_drawpoint.h,1,3,4
/media/ullmann/hdd/research/engines/Urho3D/Source/ThirdParty/Lua/src/lobject.c,7,0,7
/media/ullmann/hdd/research/engines/Urho3D/include/Urho3D/ThirdParty/slikenet/RelayPlugin.h,0,1,1
/media/ullmann/hdd/research/engines/Urho3D/Source/ThirdParty/SLikeNet/Source/include/slikenet/DS_ThreadsafeAllocatingQueue.h,3,7,10
/media/ullmann/hdd/research/engines/Urho3D/Source/ThirdParty/SLikeNet/Source/slikenet/socket.h,1,0,1
/media/ullmann/hdd/research/engines/Urho3D/Source/ThirdParty/Assimp/code/GenericProperty.h,1,6,7
/media/ullmann/hdd/research/engines/Urho3D/include/Urho3D/Urho2D/ParticleEffect2D.h,2,1,3
/media/ullmann/hdd/research/engines/Urho3D/Source/ThirdParty/SDL/src/video/x11/SDL_x11touch.c,5,0,5
/media/ullmann/hdd/research/engines/Urho3D/Source/ThirdParty/SDL/src/video/x11/SDL_x11xinput2.h,1,6,7
/media/ullmann/hdd/research/engines/Urho3D/include/Urho3D/ThirdParty/rapidjson/reader.h,8,1,9
/media/ullmann/hdd/research/engines/Urho3D/include/Urho3D/ThirdParty/rapidjson/internal/clzll.h,1,3,4
/media/ullmann/hdd/research/engines/Urho3D/Source/Urho3D/Scene/Serializable.cpp,11,0,11
/media/ullmann/hdd/research/engines/Urho3D/include/Urho3D/Physics/CollisionShape.h,4,2,6
/media/ullmann/hdd/research/engines/Urho3D/Source/ThirdParty/SLikeNet/Source/include/slikenet/CommandParserInterface.h,4,5,9
/media/ullmann/hdd/research/engines/Urho3D/Source/ThirdParty/SLikeNet/Source/include/slikenet/DS_OrderedList.h,3,23,26
/media/ullmann/hdd/research/engines/Urho3D/Source/ThirdParty/Lua/src/lgc.h,1,9,10
/media/ullmann/hdd/research/engines/Urho3D/Source/ThirdParty/SDL/src/events/SDL_dropevents.c,4,0,4
/media/ullmann/hdd/research/engines/Urho3D/Source/ThirdParty/Lua/src/llex.c,9,0,9
/media/ullmann/hdd/research/engines/Urho3D/Source/ThirdParty/ik/src/node.c,5,0,5
/media/ullmann/hdd/research/engines/Urho3D/include/Urho3D/Math/Vector2.h,2,8,10
/media/ullmann/hdd/research/engines/Urho3D/include/Urho3D/LuaScript/ToluaUtils.h,3,0,3
/media/ullmann/hdd/research/engines/Urho3D/include/Urho3D/GraphicsAPI/VertexBuffer.h,4,5,9
/media/ullmann/hdd/research/engines/Urho3D/Source/ThirdParty/FreeType/src/cff/cf2read.c,3,1,4
/media/ullmann/hdd/research/engines/Urho3D/include/Urho3D/Math/BigInt.h,3,1,4
/media/ullmann/hdd/research/engines/Urho3D/Source/ThirdParty/AngelScript/source/as_scriptnode.cpp,2,0,2
/media/ullmann/hdd/research/engines/Urho3D/Source/ThirdParty/FreeType/src/cff/cffcmap.c,3,1,4
/media/ullmann/hdd/research/engines/Urho3D/Source/ThirdParty/FreeType/src/cff/cffload.h,3,8,11
/media/ullmann/hdd/research/engines/Urho3D/Source/ThirdParty/Box2D/src/rope/b2_rope.cpp,2,0,2
/media/ullmann/hdd/research/engines/Urho3D/include/Urho3D/ThirdParty/box2d/b2_draw.h,0,8,8
/media/ullmann/hdd/research/engines/Urho3D/Source/ThirdParty/Assimp/code/BVHLoader.cpp,4,0,4
/media/ullmann/hdd/research/engines/Urho3D/Source/ThirdParty/Assimp/code/SkeletonMeshBuilder.h,0,8,8
/media/ullmann/hdd/research/engines/Urho3D/Source/Urho3D/LuaScript/ToluaUtils.cpp,5,0,5
/media/ullmann/hdd/research/engines/Urho3D/Source/Urho3D/Math/Rect.cpp,3,0,3
/media/ullmann/hdd/research/engines/Urho3D/Source/ThirdParty/Bullet/src/BulletCollision/CollisionShapes/btCompoundShape.cpp,2,0,2
/media/ullmann/hdd/research/engines/Urho3D/Source/ThirdParty/SDL/src/video/winrt/SDL_winrtmessagebox.h,1,1,2
/media/ullmann/hdd/research/engines/Urho3D/Source/Urho3D/Physics2D/ConstraintWheel2D.cpp,6,0,6
/media/ullmann/hdd/research/engines/Urho3D/Source/ThirdParty/FreeType/src/cff/cfftypes.h,0,3,3
/media/ullmann/hdd/research/engines/Urho3D/Source/ThirdParty/Bullet/src/LinearMath/btConvexHull.cpp,4,0,4
/media/ullmann/hdd/research/engines/Urho3D/Source/ThirdParty/SLikeNet/Source/DS_RangeList.h,1,0,1
/media/ullmann/hdd/research/engines/Urho3D/Source/ThirdParty/SLikeNet/Source/include/slikenet/DS_RangeList.h,4,3,7
/media/ullmann/hdd/research/engines/Urho3D/Source/ThirdParty/Bullet/src/BulletDynamics/ConstraintSolver/btHingeConstraint.h,2,2,4
/media/ullmann/hdd/research/engines/Urho3D/Source/ThirdParty/LuaJIT/src/lj_lex.h,2,8,10
/media/ullmann/hdd/research/engines/Urho3D/Source/ThirdParty/Box2D/src/dynamics/b2_chain_polygon_contact.h,1,2,3
/media/ullmann/hdd/research/engines/Urho3D/Source/ThirdParty/SDL/src/audio/dummy/SDL_dummyaudio.c,3,0,3
/media/ullmann/hdd/research/engines/Urho3D/Source/ThirdParty/Tracy/libbacktrace/elf.cpp,3,1,4
/media/ullmann/hdd/research/engines/Urho3D/Source/ThirdParty/FreeType/src/cff/cf2hints.c,5,1,6
/media/ullmann/hdd/research/engines/Urho3D/Source/Urho3D/GraphicsAPI/OpenGL/OGLConstantBuffer.cpp,6,0,6
/media/ullmann/hdd/research/engines/Urho3D/Source/ThirdParty/Assimp/code/PretransformVertices.cpp,3,0,3
/media/ullmann/hdd/research/engines/Urho3D/Source/ThirdParty/Assimp/code/ProcessHelper.h,3,28,31
/media/ullmann/hdd/research/engines/Urho3D/Source/ThirdParty/Assimp/code/COBLoader.h,2,2,4
/media/ullmann/hdd/research/engines/Urho3D/Source/ThirdParty/SDL/src/video/x11/SDL_x11events.c,8,0,8
/media/ullmann/hdd/research/engines/Urho3D/Source/Urho3D/GraphicsAPI/Texture2D.cpp,13,0,13
/media/ullmann/hdd/research/engines/Urho3D/Source/ThirdParty/Tracy/common/TracyColor.hpp,0,2,2
/media/ullmann/hdd/research/engines/Urho3D/Source/ThirdParty/SDL/src/render/direct3d/SDL_shaders_d3d.h,1,2,3
/media/ullmann/hdd/research/engines/Urho3D/Source/ThirdParty/SDL/src/core/linux/SDL_udev.c,2,0,2
/media/ullmann/hdd/research/engines/Urho3D/Source/ThirdParty/ik/src/solver_1bone.c,5,0,5
/media/ullmann/hdd/research/engines/Urho3D/Source/ThirdParty/SDL/include/SDL_quit.h,2,1,3
/media/ullmann/hdd/research/engines/Urho3D/Source/ThirdParty/Bullet/src/BulletCollision/CollisionDispatch/btCollisionWorld.h,2,4,6
/media/ullmann/hdd/research/engines/Urho3D/Source/ThirdParty/Bullet/src/BulletCollision/NarrowPhaseCollision/btGjkPairDetector.h,2,3,5
/media/ullmann/hdd/research/engines/Urho3D/Source/ThirdParty/Bullet/src/BulletCollision/NarrowPhaseCollision/btDiscreteCollisionDetectorInterface.h,0,3,3
/media/ullmann/hdd/research/engines/Urho3D/Source/ThirdParty/SDL/src/video/wayland/SDL_waylanddatamanager.h,3,3,6
/media/ullmann/hdd/research/engines/Urho3D/Source/ThirdParty/Tracy/TracyD3D12.hpp,3,0,3
/media/ullmann/hdd/research/engines/Urho3D/Source/ThirdParty/AngelScript/source/as_configgroup.h,4,3,7
/media/ullmann/hdd/research/engines/Urho3D/Source/ThirdParty/SDL/src/thread/generic/SDL_sysmutex_c.h,1,0,1
/media/ullmann/hdd/research/engines/Urho3D/include/Urho3D/ThirdParty/slikenet/NetworkIDObject.h,0,3,3
/media/ullmann/hdd/research/engines/Urho3D/Source/ThirdParty/Lua/src/lapi.c,14,0,14
/media/ullmann/hdd/research/engines/Urho3D/Source/ThirdParty/Box2D/include/box2d/b2_contact.h,5,1,6
/media/ullmann/hdd/research/engines/Urho3D/Source/ThirdParty/LibCpuId/src/msrdriver.c,1,0,1
/media/ullmann/hdd/research/engines/Urho3D/script/build/include/Urho3D/Resource/BackgroundLoader.h,7,1,8
/media/ullmann/hdd/research/engines/Urho3D/Source/ThirdParty/SLikeNet/Source/src/NatPunchthroughServer.cpp,11,0,11
/media/ullmann/hdd/research/engines/Urho3D/Source/Urho3D/UI/ListView.h,2,7,9
/media/ullmann/hdd/research/engines/Urho3D/Source/Urho3D/Navigation/NavArea.h,2,4,6
/media/ullmann/hdd/research/engines/Urho3D/include/Urho3D/ThirdParty/rapidjson/internal/pow10.h,1,1,2
/media/ullmann/hdd/research/engines/Urho3D/Source/ThirdParty/SDL/src/video/uikit/SDL_uikitviewcontroller.h,2,0,2
/media/ullmann/hdd/research/engines/Urho3D/Source/ThirdParty/Lua/src/ltable.h,1,11,12
/media/ullmann/hdd/research/engines/Urho3D/Source/ThirdParty/SDL/src/events/SDL_displayevents_c.h,1,1,2
/media/ullmann/hdd/research/engines/Urho3D/script/build/include/Urho3D/ThirdParty/rapidjson/internal/strfunc.h,1,3,4
/media/ullmann/hdd/research/engines/Urho3D/script/build/include/Urho3D/Graphics/DecalSet.h,4,1,5
/media/ullmann/hdd/research/engines/Urho3D/include/Urho3D/ThirdParty/slikenet/NetworkIDManager.h,0,4,4
/media/ullmann/hdd/research/engines/Urho3D/include/Urho3D/Audio/SoundSource3D.h,1,1,2
/media/ullmann/hdd/research/engines/Urho3D/Source/ThirdParty/SLikeNet/Source/src/TelnetTransport.cpp,6,0,6
/media/ullmann/hdd/research/engines/Urho3D/Source/ThirdParty/Assimp/code/FindInvalidDataProcess.h,1,2,3
/media/ullmann/hdd/research/engines/Urho3D/Source/ThirdParty/SDL/src/video/kmsdrm/SDL_kmsdrmopengles.c,4,0,4
/media/ullmann/hdd/research/engines/Urho3D/include/Urho3D/Core/WorkQueue.h,3,1,4
/media/ullmann/hdd/research/engines/Urho3D/include/Urho3D/Container/List.h,1,6,7
/media/ullmann/hdd/research/engines/Urho3D/Source/ThirdParty/Bullet/src/BulletCollision/CollisionShapes/btConvexShape.h,2,4,6
/media/ullmann/hdd/research/engines/Urho3D/Source/Urho3D/UI/UIEvents.h,1,18,19
/media/ullmann/hdd/research/engines/Urho3D/script/build/include/Urho3D/Graphics/Zone.h,3,2,5
/media/ullmann/hdd/research/engines/Urho3D/Source/Urho3D/Navigation/NavArea.cpp,6,0,6
/media/ullmann/hdd/research/engines/Urho3D/include/Urho3D/ThirdParty/SDL/SDL_rwops.h,4,5,9
/media/ullmann/hdd/research/engines/Urho3D/include/Urho3D/AngelScript/RegistrationMacros.h,2,1,3
/media/ullmann/hdd/research/engines/Urho3D/include/Urho3D/AngelScript/aswrappedcall.h,1,1,2
/media/ullmann/hdd/research/engines/Urho3D/Source/ThirdParty/Bullet/src/BulletDynamics/Featherstone/btMultiBodyLink.h,0,2,2
/media/ullmann/hdd/research/engines/Urho3D/Source/ThirdParty/Assimp/code/X3DImporter.cpp,5,0,5
/media/ullmann/hdd/research/engines/Urho3D/Source/ThirdParty/FreeType/src/base/basepic.c,1,1,2
/media/ullmann/hdd/research/engines/Urho3D/Source/ThirdParty/FreeType/src/base/basepic.h,0,6,6
/media/ullmann/hdd/research/engines/Urho3D/Source/ThirdParty/WebP/src/enc/delta_palettization_enc.c,3,0,3
/media/ullmann/hdd/research/engines/Urho3D/Source/ThirdParty/Assimp/code/DefaultLogger.cpp,4,0,4
/media/ullmann/hdd/research/engines/Urho3D/Source/ThirdParty/Assimp/code/Win32DebugLogStream.h,0,1,1
/media/ullmann/hdd/research/engines/Urho3D/Source/Urho3D/Math/Quaternion.h,1,7,8
/media/ullmann/hdd/research/engines/Urho3D/Source/Urho3D/Network/NetworkPriority.h,1,4,5
/media/ullmann/hdd/research/engines/Urho3D/Source/ThirdParty/Tracy/common/TracySystem.cpp,2,1,3
/media/ullmann/hdd/research/engines/Urho3D/script/build/include/Urho3D/ThirdParty/ik/solver_2bone.h,3,0,3
/media/ullmann/hdd/research/engines/Urho3D/script/build/include/Urho3D/UI/Font.h,2,2,4
/media/ullmann/hdd/research/engines/Urho3D/Source/ThirdParty/Assimp/code/BlenderLoader.cpp,8,0,8
/media/ullmann/hdd/research/engines/Urho3D/Source/Urho3D/GraphicsAPI/OpenGL/OGLGraphics.cpp,25,0,25
/media/ullmann/hdd/research/engines/Urho3D/Source/ThirdParty/SDL/src/audio/SDL_audio.c,4,0,4
/media/ullmann/hdd/research/engines/Urho3D/include/Urho3D/ThirdParty/rapidjson/encodings.h,1,1,2
/media/ullmann/hdd/research/engines/Urho3D/include/Urho3D/Graphics/AnimatedModel.h,3,2,5
/media/ullmann/hdd/research/engines/Urho3D/Source/ThirdParty/Box2D/src/dynamics/b2_fixture.cpp,10,0,10
/media/ullmann/hdd/research/engines/Urho3D/include/Urho3D/ThirdParty/box2d/b2_world.h,0,7,7
/usr/include/malloc.h,0,1,1
/media/ullmann/hdd/research/engines/Urho3D/include/Urho3D/ThirdParty/slikenet/CCRakNetSlidingWindow.h,0,3,3
/media/ullmann/hdd/research/engines/Urho3D/Source/ThirdParty/FreeType/src/pshinter/pshalgo.c,2,1,3
/media/ullmann/hdd/research/engines/Urho3D/Source/ThirdParty/FreeType/src/pshinter/pshnterr.h,0,3,3
/media/ullmann/hdd/research/engines/Urho3D/Source/ThirdParty/SLikeNet/Source/RakNetSmartPtr.h,1,0,1
/media/ullmann/hdd/research/engines/Urho3D/Source/ThirdParty/SLikeNet/Source/include/slikenet/smartptr.h,2,5,7
/media/ullmann/hdd/research/engines/Urho3D/Source/ThirdParty/Box2D/include/box2d/b2_polygon_shape.h,2,1,3
/media/ullmann/hdd/research/engines/Urho3D/Source/ThirdParty/Box2D/include/box2d/b2_shape.h,3,7,10
/media/ullmann/hdd/research/engines/Urho3D/Source/Urho3D/Urho2D/TmxFile2D.cpp,12,0,12
/media/ullmann/hdd/research/engines/Urho3D/Source/Samples/99_Benchmark/Main.cpp,1,0,1
/media/ullmann/hdd/research/engines/Urho3D/Source/Samples/99_Benchmark/AppStateManager.h,1,7,8
/media/ullmann/hdd/research/engines/Urho3D/Source/ThirdParty/FreeType/src/gzip/infblock.c,5,1,6
/media/ullmann/hdd/research/engines/Urho3D/include/Urho3D/Container/ListBase.h,3,2,5
/media/ullmann/hdd/research/engines/Urho3D/Source/ThirdParty/Tracy/client/TracyCallstack.cpp,5,1,6
/media/ullmann/hdd/research/engines/Urho3D/include/Urho3D/UI/Text.h,1,3,4
/media/ullmann/hdd/research/engines/Urho3D/Source/ThirdParty/WebP/src/enc/backward_references_cost_enc.c,5,0,5
/media/ullmann/hdd/research/engines/Urho3D/Source/ThirdParty/Assimp/contrib/rapidjson/include/rapidjson/filereadstream.h,1,0,1
/media/ullmann/hdd/research/engines/Urho3D/Source/ThirdParty/Assimp/contrib/rapidjson/include/rapidjson/stream.h,2,12,14
/media/ullmann/hdd/research/engines/Urho3D/Source/ThirdParty/Assimp/contrib/Open3DGC/o3dgcFIFO.h,1,1,2
/media/ullmann/hdd/research/engines/Urho3D/Source/ThirdParty/FreeType/src/gxvalid/gxvmorx4.c,1,1,2
/media/ullmann/hdd/research/engines/Urho3D/Source/Urho3D/Audio/SoundStream.cpp,2,0,2
/media/ullmann/hdd/research/engines/Urho3D/Source/ThirdParty/Bullet/src/BulletCollision/CollisionShapes/btBvhTriangleMeshShape.h,3,2,5
/media/ullmann/hdd/research/engines/Urho3D/Source/ThirdParty/Bullet/src/BulletCollision/CollisionShapes/btOptimizedBvh.h,0,2,2
/media/ullmann/hdd/research/engines/Urho3D/Source/ThirdParty/Assimp/code/MS3DLoader.h,2,2,4
/media/ullmann/hdd/research/engines/Urho3D/include/Urho3D/Math/Vector3.h,2,17,19
/media/ullmann/hdd/research/engines/Urho3D/Source/Urho3D/UI/MessageBox.cpp,11,0,11
/media/ullmann/hdd/research/engines/Urho3D/Source/Urho3D/UI/MessageBox.h,1,3,4
/media/ullmann/hdd/research/engines/Urho3D/include/Urho3D/Resource/Decompress.h,1,1,2
/media/ullmann/hdd/research/engines/Urho3D/include/Urho3D/ThirdParty/SDL/SDL_surface.h,7,2,9
/media/ullmann/hdd/research/engines/Urho3D/Source/ThirdParty/SLikeNet/Source/RakThread.h,1,0,1
/media/ullmann/hdd/research/engines/Urho3D/Source/ThirdParty/SLikeNet/Source/GridSectorizer.h,1,0,1
/media/ullmann/hdd/research/engines/Urho3D/Source/ThirdParty/SLikeNet/Source/include/slikenet/GridSectorizer.h,3,2,5
/media/ullmann/hdd/research/engines/Urho3D/script/build/include/Urho3D/Graphics/View.h,6,1,7
/media/ullmann/hdd/research/engines/Urho3D/Source/ThirdParty/SDL/src/audio/sun/SDL_sunaudio.c,5,0,5
/media/ullmann/hdd/research/engines/Urho3D/script/build/include/Urho3D/ThirdParty/SDL/SDL_config.h,1,5,6
/media/ullmann/hdd/research/engines/Urho3D/script/build/include/Urho3D/ThirdParty/SDL/SDL_platform.h,2,2,4
/media/ullmann/hdd/research/engines/Urho3D/Source/ThirdParty/SDL/src/video/haiku/SDL_bvideo.cc,9,0,9
/media/ullmann/hdd/research/engines/Urho3D/Source/Urho3D/Math/Color.cpp,3,0,3
/media/ullmann/hdd/research/engines/Urho3D/Source/ThirdParty/SDL/src/video/khronos/vulkan/vulkan_fuchsia.h,0,1,1
/media/ullmann/hdd/research/engines/Urho3D/Source/ThirdParty/Assimp/code/SMDLoader.cpp,3,0,3
/media/ullmann/hdd/research/engines/Urho3D/Source/ThirdParty/Assimp/code/BlenderModifier.cpp,2,0,2
/media/ullmann/hdd/research/engines/Urho3D/Source/ThirdParty/Assimp/code/BlenderModifier.h,2,2,4
/media/ullmann/hdd/research/engines/Urho3D/Source/ThirdParty/SDL/src/haptic/windows/SDL_windowshaptic_c.h,4,5,9
/media/ullmann/hdd/research/engines/Urho3D/Source/Samples/05_AnimatingScene/Rotator.cpp,1,0,1
/media/ullmann/hdd/research/engines/Urho3D/Source/Samples/05_AnimatingScene/Rotator.h,0,2,2
/media/ullmann/hdd/research/engines/Urho3D/Source/Urho3D/UI/BorderImage.cpp,6,0,6
/media/ullmann/hdd/research/engines/Urho3D/Source/ThirdParty/AngelScript/source/as_thread.cpp,3,0,3
/media/ullmann/hdd/research/engines/Urho3D/Source/ThirdParty/SDL/src/video/kmsdrm/SDL_kmsdrmdyn.c,3,0,3
/media/ullmann/hdd/research/engines/Urho3D/Source/ThirdParty/SDL/src/video/kmsdrm/SDL_kmsdrmsym.h,0,2,2
/media/ullmann/hdd/research/engines/Urho3D/include/Urho3D/Audio/Audio.h,5,1,6
/media/ullmann/hdd/research/engines/Urho3D/Source/ThirdParty/LibCpuId/src/libcpuid.h,2,8,10
/media/ullmann/hdd/research/engines/Urho3D/include/Urho3D/Math/Random.h,2,2,4
/media/ullmann/hdd/research/engines/Urho3D/Source/ThirdParty/AngelScript/source/as_compiler.h,7,3,10
/media/ullmann/hdd/research/engines/Urho3D/Source/ThirdParty/Box2D/src/dynamics/b2_contact.cpp,16,0,16
/media/ullmann/hdd/research/engines/Urho3D/Source/ThirdParty/SDL/src/render/SDL_yuv_sw_c.h,1,2,3
/media/ullmann/hdd/research/engines/Urho3D/include/Urho3D/ThirdParty/SDL/SDL_sensor.h,4,1,5
/media/ullmann/hdd/research/engines/Urho3D/include/Urho3D/Math/Matrix3x4.h,1,11,12
/media/ullmann/hdd/research/engines/Urho3D/Source/ThirdParty/Assimp/code/BaseProcess.cpp,3,0,3
/media/ullmann/hdd/research/engines/Urho3D/Source/ThirdParty/Assimp/code/MDLLoader.h,3,4,7
/media/ullmann/hdd/research/engines/Urho3D/Source/ThirdParty/Box2D/src/collision/b2_chain_shape.cpp,3,0,3
/media/ullmann/hdd/research/engines/Urho3D/Source/ThirdParty/Tracy/libbacktrace/state.cpp,3,1,4
/media/ullmann/hdd/research/engines/Urho3D/Source/ThirdParty/Assimp/code/RawLoader.cpp,3,0,3
/media/ullmann/hdd/research/engines/Urho3D/Source/ThirdParty/SDL/src/video/SDL_blit_auto.c,3,0,3
/media/ullmann/hdd/research/engines/Urho3D/Source/ThirdParty/SDL/src/haptic/SDL_haptic.c,4,0,4
/media/ullmann/hdd/research/engines/Urho3D/script/build/include/Urho3D/Physics2D/ConstraintRevolute2D.h,1,1,2
/media/ullmann/hdd/research/engines/Urho3D/Source/ThirdParty/FreeType/src/bdf/bdfdrivr.h,1,1,2
/media/ullmann/hdd/research/engines/Urho3D/Source/ThirdParty/LuaJIT/src/lj_debug.c,10,1,11
/media/ullmann/hdd/research/engines/Urho3D/Source/ThirdParty/LuaJIT/src/lj_frame.h,2,18,20
/media/ullmann/hdd/research/engines/Urho3D/Source/Urho3D/Physics2D/ConstraintPrismatic2D.h,1,3,4
/media/ullmann/hdd/research/engines/Urho3D/script/build/include/Urho3D/AngelScript/Manual_Physics2D.h,4,1,5
/media/ullmann/hdd/research/engines/Urho3D/Source/ThirdParty/SDL/src/video/psp/SDL_pspevents.c,7,0,7
/media/ullmann/hdd/research/engines/Urho3D/Source/ThirdParty/Assimp/code/BaseImporter.cpp,5,0,5
/media/ullmann/hdd/research/engines/Urho3D/Source/ThirdParty/Assimp/code/CalcTangentsProcess.cpp,4,0,4
/media/ullmann/hdd/research/engines/Urho3D/Source/Urho3D/Graphics/Animation.cpp,13,0,13
/media/ullmann/hdd/research/engines/Urho3D/Source/ThirdParty/Bullet/src/BulletDynamics/ConstraintSolver/btNNCGConstraintSolver.cpp,1,0,1
/media/ullmann/hdd/research/engines/Urho3D/Source/ThirdParty/Bullet/src/BulletDynamics/ConstraintSolver/btNNCGConstraintSolver.h,1,1,2
/media/ullmann/hdd/research/engines/Urho3D/Source/ThirdParty/SLikeNet/Source/src/FormatString.cpp,4,0,4
/media/ullmann/hdd/research/engines/Urho3D/Source/ThirdParty/Assimp/code/Q3BSPFileImporter.cpp,6,0,6
/media/ullmann/hdd/research/engines/Urho3D/Source/Urho3D/Math/Matrix4.cpp,4,0,4
/media/ullmann/hdd/research/engines/Urho3D/Source/Urho3D/Engine/Console.h,1,4,5
/media/ullmann/hdd/research/engines/Urho3D/Source/ThirdParty/SDL/src/video/windows/SDL_windowsopengl.c,3,0,3
/media/ullmann/hdd/research/engines/Urho3D/Source/ThirdParty/SDL/src/stdlib/SDL_iconv.c,1,0,1
/media/ullmann/hdd/research/engines/Urho3D/include/Urho3D/Graphics/Octree.h,3,3,6
/media/ullmann/hdd/research/engines/Urho3D/script/build/include/Urho3D/Physics2D/ConstraintDistance2D.h,1,1,2
/media/ullmann/hdd/research/engines/Urho3D/Source/ThirdParty/FreeType/src/type1/t1driver.c,5,1,6
/media/ullmann/hdd/research/engines/Urho3D/Source/ThirdParty/FreeType/src/type1/t1afm.h,1,3,4
/media/ullmann/hdd/research/engines/Urho3D/script/build/include/Urho3D/UI/FontFaceFreeType.h,1,1,2
/media/ullmann/hdd/research/engines/Urho3D/include/Urho3D/Engine/Engine.h,2,2,4
/media/ullmann/hdd/research/engines/Urho3D/Source/Tools/BindingGenerator/XmlSourceData.h,0,9,9
/media/ullmann/hdd/research/engines/Urho3D/Source/ThirdParty/LuaJIT/src/lj_vmmath.c,3,1,4
/media/ullmann/hdd/research/engines/Urho3D/Source/Urho3D/UI/FontFace.cpp,8,0,8
/media/ullmann/hdd/research/engines/Urho3D/Source/ThirdParty/rapidjson/include/rapidjson/msinttypes/inttypes.h,1,1,2
/media/ullmann/hdd/research/engines/Urho3D/script/build/include/Urho3D/ThirdParty/rapidjson/stringbuffer.h,2,2,4
/media/ullmann/hdd/research/engines/Urho3D/script/build/include/Urho3D/ThirdParty/rapidjson/internal/stack.h,2,5,7
/media/ullmann/hdd/research/engines/Urho3D/Source/Urho3D/UI/Text3D.h,4,3,7
/media/ullmann/hdd/research/engines/Urho3D/Source/ThirdParty/WebP/src/enc/analysis_enc.c,3,0,3
/media/ullmann/hdd/research/engines/Urho3D/Source/Samples/15_Navigation/Navigation.cpp,1,0,1
/media/ullmann/hdd/research/engines/Urho3D/Source/Samples/15_Navigation/Navigation.h,1,1,2
/media/ullmann/hdd/research/engines/Urho3D/Source/ThirdParty/SDL/src/audio/SDL_audiocvt.c,3,0,3
/media/ullmann/hdd/research/engines/Urho3D/script/build/include/Urho3D/Audio/BufferedSoundStream.h,5,1,6
/media/ullmann/hdd/research/engines/Urho3D/Source/Urho3D/Math/Color.h,1,18,19
/media/ullmann/hdd/research/engines/Urho3D/Source/Urho3D/Physics2D/ConstraintWeld2D.cpp,6,0,6
/media/ullmann/hdd/research/engines/Urho3D/Source/Urho3D/AngelScript/ScriptFile.h,4,4,8
/media/ullmann/hdd/research/engines/Urho3D/include/Urho3D/UI/UIElement.h,5,7,12
/media/ullmann/hdd/research/engines/Urho3D/Source/ThirdParty/FreeType/src/cff/cf2intrp.c,8,1,9
/media/ullmann/hdd/research/engines/Urho3D/script/build/include/Urho3D/ThirdParty/SDL/SDL_thread.h,6,2,8
/media/ullmann/hdd/research/engines/Urho3D/Source/ThirdParty/SDL/src/joystick/hidapi/SDL_hidapi_xboxone.c,3,0,3
/media/ullmann/hdd/research/engines/Urho3D/Source/Urho3D/Navigation/NavBuildData.h,3,4,7
/media/ullmann/hdd/research/engines/Urho3D/Source/ThirdParty/SLikeNet/Source/include/slikenet/PacketFileLogger.h,2,2,4
/media/ullmann/hdd/research/engines/Urho3D/Source/ThirdParty/Bullet/src/BulletSoftBody/btDeformableContactProjection.h,3,2,5
/media/ullmann/hdd/research/engines/Urho3D/Source/ThirdParty/Bullet/src/BulletSoftBody/btDeformableContactConstraint.h,1,2,3
/media/ullmann/hdd/research/engines/Urho3D/Source/Urho3D/UI/FontFaceFreeType.cpp,11,0,11
/media/ullmann/hdd/research/engines/Urho3D/Source/ThirdParty/WebP/src/enc/delta_palettization_enc.h,2,3,5
/media/ullmann/hdd/research/engines/Urho3D/Source/ThirdParty/Box2D/src/collision/b2_distance.cpp,5,0,5
/media/ullmann/hdd/research/engines/Urho3D/include/Urho3D/ThirdParty/box2d/b2_circle_shape.h,0,7,7
/media/ullmann/hdd/research/engines/Urho3D/include/Urho3D/ThirdParty/SDL/SDL_loadso.h,4,1,5
/media/ullmann/hdd/research/engines/Urho3D/script/build/include/Urho3D/GraphicsAPI/ShaderPrecache.h,3,1,4
/media/ullmann/hdd/research/engines/Urho3D/Source/Urho3D/Input/InputConstants.h,2,4,6
/media/ullmann/hdd/research/engines/Urho3D/script/build/include/Urho3D/Core/Main.h,2,1,3
/media/ullmann/hdd/research/engines/Urho3D/script/build/include/Urho3D/Core/ProcessUtils.h,1,2,3
/media/ullmann/hdd/research/engines/Urho3D/Source/ThirdParty/Assimp/contrib/rapidjson/include/rapidjson/writer.h,7,1,8
/media/ullmann/hdd/research/engines/Urho3D/Source/ThirdParty/Assimp/contrib/rapidjson/include/rapidjson/stringbuffer.h,2,2,4
/media/ullmann/hdd/research/engines/Urho3D/script/build/include/Urho3D/Container/Str.h,1,9,10
/media/ullmann/hdd/research/engines/Urho3D/Source/Urho3D/UI/ScrollView.cpp,10,0,10
/media/ullmann/hdd/research/engines/Urho3D/Source/ThirdParty/Bullet/src/BulletDynamics/Featherstone/btMultiBodyJointLimitConstraint.cpp,3,0,3
/media/ullmann/hdd/research/engines/Urho3D/script/build/include/Urho3D/ThirdParty/rapidjson/internal/itoa.h,1,3,4
/media/ullmann/hdd/research/engines/Urho3D/script/build/include/Urho3D/ThirdParty/rapidjson/rapidjson.h,2,13,15
/media/ullmann/hdd/research/engines/Urho3D/Source/ThirdParty/rapidjson/include/rapidjson/internal/itoa.h,1,3,4
/media/ullmann/hdd/research/engines/Urho3D/include/Urho3D/AngelScript/Manual_UI.h,5,1,6
/media/ullmann/hdd/research/engines/Urho3D/Source/Urho3D/Scene/SplinePath.cpp,5,0,5
/media/ullmann/hdd/research/engines/Urho3D/include/Urho3D/Core/StringHashRegister.h,3,2,5
/media/ullmann/hdd/research/engines/Urho3D/Source/ThirdParty/Box2D/include/box2d/b2_gear_joint.h,1,1,2
/media/ullmann/hdd/research/engines/Urho3D/Source/ThirdParty/SDL/src/core/windows/SDL_xinput.h,2,5,7
/media/ullmann/hdd/research/engines/Urho3D/Source/Urho3D/GraphicsAPI/Direct3D11/D3D11TextureCube.cpp,13,0,13
/media/ullmann/hdd/research/engines/Urho3D/Source/ThirdParty/SDL/src/video/x11/SDL_x11touch.h,1,3,4
/media/ullmann/hdd/research/engines/Urho3D/Source/ThirdParty/Assimp/code/FindDegenerates.cpp,3,0,3
/media/ullmann/hdd/research/engines/Urho3D/Source/ThirdParty/FreeType/src/pshinter/pshalgo.h,2,3,5
/media/ullmann/hdd/research/engines/Urho3D/Source/ThirdParty/Lua/src/luac.c,9,0,9
/media/ullmann/hdd/research/engines/Urho3D/Source/ThirdParty/Tracy/common/TracySystem.hpp,1,8,9
/media/ullmann/hdd/research/engines/Urho3D/Source/ThirdParty/SDL/src/haptic/windows/SDL_xinputhaptic.c,8,0,8
/media/ullmann/hdd/research/engines/Urho3D/Source/Urho3D/Physics2D/CollisionBox2D.cpp,5,0,5
/media/ullmann/hdd/research/engines/Urho3D/Source/ThirdParty/SLikeNet/Source/slikenet/TelnetTransport.h,1,0,1
/media/ullmann/hdd/research/engines/Urho3D/Source/ThirdParty/SLikeNet/Source/include/slikenet/TelnetTransport.h,4,2,6
/media/ullmann/hdd/research/engines/Urho3D/include/Urho3D/Scene/Animatable.h,3,5,8
/media/ullmann/hdd/research/engines/Urho3D/Source/Urho3D/Physics/Constraint.h,2,4,6
/media/ullmann/hdd/research/engines/Urho3D/Source/ThirdParty/Assimp/code/RemoveComments.cpp,2,0,2
/media/ullmann/hdd/research/engines/Urho3D/include/Urho3D/GraphicsAPI/Direct3D11/D3D11GraphicsImpl.h,5,1,6
/media/ullmann/hdd/research/engines/Urho3D/include/Urho3D/GraphicsAPI/Direct3D11/D3D11VertexDeclaration.h,3,1,4
/media/ullmann/hdd/research/engines/Urho3D/Source/Tools/BindingGenerator/ASResult.cpp,3,0,3
/media/ullmann/hdd/research/engines/Urho3D/Source/Tools/BindingGenerator/Tuning.h,0,7,7
/media/ullmann/hdd/research/engines/Urho3D/Source/ThirdParty/SDL/src/audio/android/SDL_androidaudio.c,4,0,4
/media/ullmann/hdd/research/engines/Urho3D/Source/ThirdParty/SDL/src/video/x11/SDL_x11dyn.c,3,0,3
/media/ullmann/hdd/research/engines/Urho3D/Source/ThirdParty/SLikeNet/Source/src/FullyConnectedMesh2.cpp,8,0,8
/media/ullmann/hdd/research/engines/Urho3D/include/Urho3D/ThirdParty/slikenet/FullyConnectedMesh2.h,0,1,1
/media/ullmann/hdd/research/engines/Urho3D/Source/ThirdParty/AngelScript/source/as_typeinfo.cpp,3,0,3
/media/ullmann/hdd/research/engines/Urho3D/script/build/include/Urho3D/Container/List.h,1,6,7
/media/ullmann/hdd/research/engines/Urho3D/Source/ThirdParty/SLikeNet/Source/src/ConnectionGraph2.cpp,5,0,5
/media/ullmann/hdd/research/engines/Urho3D/include/Urho3D/Physics2D/CollisionCircle2D.h,1,1,2
/media/ullmann/hdd/research/engines/Urho3D/Source/ThirdParty/SLikeNet/Source/slikenet/FileListTransferCBInterface.h,1,0,1
/media/ullmann/hdd/research/engines/Urho3D/Source/ThirdParty/SLikeNet/Source/include/slikenet/FileListTransferCBInterface.h,2,2,4
/media/ullmann/hdd/research/engines/Urho3D/Source/ThirdParty/SDL/src/video/raspberry/SDL_rpiopengles.h,3,2,5
/media/ullmann/hdd/research/engines/Urho3D/include/Urho3D/Network/Connection.h,6,2,8
/media/ullmann/hdd/research/engines/Urho3D/Source/Urho3D/IO/Compression.h,1,2,3
/media/ullmann/hdd/research/engines/Urho3D/Source/ThirdParty/LuaJIT/src/lj_cconv.c,7,1,8
/media/ullmann/hdd/research/engines/Urho3D/Source/ThirdParty/SDL/src/video/cocoa/SDL_cocoaclipboard.h,1,1,2
/media/ullmann/hdd/research/engines/Urho3D/Source/ThirdParty/Lua/src/lauxlib.h,1,12,13
/media/ullmann/hdd/research/engines/Urho3D/Source/ThirdParty/rapidjson/include/rapidjson/pointer.h,3,1,4
/media/ullmann/hdd/research/engines/Urho3D/Source/ThirdParty/SDL/src/joystick/darwin/SDL_sysjoystick_c.h,1,2,3
/media/ullmann/hdd/research/engines/Urho3D/Source/ThirdParty/Assimp/contrib/Open3DGC/o3dgcTriangleListEncoder.h,6,1,7
/media/ullmann/hdd/research/engines/Urho3D/Source/ThirdParty/FreeType/src/autofit/afwrtsys.h,5,3,8
/media/ullmann/hdd/research/engines/Urho3D/Source/ThirdParty/FreeType/src/autofit/aflatin2.h,1,2,3
/media/ullmann/hdd/research/engines/Urho3D/Source/ThirdParty/Bullet/src/BulletDynamics/ConstraintSolver/btGeneric6DofSpringConstraint.cpp,1,0,1
/media/ullmann/hdd/research/engines/Urho3D/Source/ThirdParty/Bullet/src/BulletDynamics/ConstraintSolver/btGeneric6DofSpringConstraint.h,2,2,4
/media/ullmann/hdd/research/engines/Urho3D/Source/Samples/12_PhysicsStressTest/PhysicsStressTest.cpp,1,0,1
/media/ullmann/hdd/research/engines/Urho3D/Source/Samples/12_PhysicsStressTest/PhysicsStressTest.h,1,1,2
/media/ullmann/hdd/research/engines/Urho3D/Source/Urho3D/Math/Polyhedron.cpp,4,0,4
/media/ullmann/hdd/research/engines/Urho3D/Source/ThirdParty/SLikeNet/Source/slikenet/alloca.h,1,0,1
/media/ullmann/hdd/research/engines/Urho3D/Source/ThirdParty/SLikeNet/Source/include/slikenet/alloca.h,0,3,3
/media/ullmann/hdd/research/engines/Urho3D/Source/ThirdParty/Assimp/include/assimp/Compiler/pushpack1.h,0,6,6
/media/ullmann/hdd/research/engines/Urho3D/Source/ThirdParty/Box2D/include/box2d/b2_prismatic_joint.h,2,1,3
/media/ullmann/hdd/research/engines/Urho3D/script/build/include/Urho3D/IK/IK.h,0,1,1
/media/ullmann/hdd/research/engines/Urho3D/Source/ThirdParty/SDL/src/video/haiku/SDL_bkeyboard.cc,2,0,2
/media/ullmann/hdd/research/engines/Urho3D/Source/ThirdParty/FreeType/src/psaux/afmparse.c,3,1,4
/media/ullmann/hdd/research/engines/Urho3D/Source/ThirdParty/FreeType/src/psaux/afmparse.h,0,2,2
/media/ullmann/hdd/research/engines/Urho3D/Source/ThirdParty/SDL/src/video/kmsdrm/SDL_kmsdrmmouse.c,6,0,6
/media/ullmann/hdd/research/engines/Urho3D/Source/ThirdParty/Assimp/contrib/rapidjson/include/rapidjson/internal/meta.h,1,3,4
/media/ullmann/hdd/research/engines/Urho3D/Source/ThirdParty/Assimp/code/STEPFileEncoding.cpp,2,0,2
/media/ullmann/hdd/research/engines/Urho3D/Source/ThirdParty/Assimp/code/STEPFileEncoding.h,0,2,2
/media/ullmann/hdd/research/engines/Urho3D/script/build/include/Urho3D/Audio/SoundListener.h,1,1,2
/media/ullmann/hdd/research/engines/Urho3D/Source/ThirdParty/WebP/src/dsp/cost_sse2.c,4,0,4
/media/ullmann/hdd/research/engines/Urho3D/Source/Urho3D/GraphicsAPI/Direct3D11/D3D11IndexBuffer.cpp,7,0,7
/media/ullmann/hdd/research/engines/Urho3D/Source/ThirdParty/SLikeNet/Source/src/DynDNS.cpp,6,0,6
/media/ullmann/hdd/research/engines/Urho3D/include/Urho3D/ThirdParty/slikenet/Base64Encoder.h,0,3,3
/media/ullmann/hdd/research/engines/Urho3D/Source/ThirdParty/SDL/src/audio/disk/SDL_diskaudio.c,3,0,3
/media/ullmann/hdd/research/engines/Urho3D/Source/ThirdParty/FreeType/src/sfnt/ttcmap.c,5,1,6
/media/ullmann/hdd/research/engines/Urho3D/Source/ThirdParty/FreeType/src/sfnt/ttcmap.h,0,4,4
/media/ullmann/hdd/research/engines/Urho3D/Source/ThirdParty/FreeType/src/psnames/psmodule.c,4,1,5
/media/ullmann/hdd/research/engines/Urho3D/Source/ThirdParty/SLikeNet/Source/NativeFeatureIncludes.h,1,0,1
/media/ullmann/hdd/research/engines/Urho3D/Source/ThirdParty/LibCpuId/src/recog_intel.h,0,2,2
/media/ullmann/hdd/research/engines/Urho3D/Source/ThirdParty/SLikeNet/Source/src/TeamBalancer.cpp,6,0,6
/media/ullmann/hdd/research/engines/Urho3D/include/Urho3D/ThirdParty/slikenet/Rand.h,0,9,9
/media/ullmann/hdd/research/engines/Urho3D/Source/ThirdParty/SLikeNet/Source/CloudCommon.h,1,0,1
/media/ullmann/hdd/research/engines/Urho3D/Source/ThirdParty/FreeType/src/cff/cff.c,16,0,16
/media/ullmann/hdd/research/engines/Urho3D/Source/ThirdParty/WebP/src/enc/frame_enc.c,4,0,4
/media/ullmann/hdd/research/engines/Urho3D/include/Urho3D/Urho2D/Sprite2D.h,2,2,4
/media/ullmann/hdd/research/engines/Urho3D/Source/ThirdParty/Tracy/common/TracyAlign.hpp,1,6,7
/media/ullmann/hdd/research/engines/Urho3D/Source/Urho3D/LuaScript/ToluaUtils.h,3,4,7
/media/ullmann/hdd/research/engines/Urho3D/Source/Urho3D/UI/UIComponent.h,2,3,5
/media/ullmann/hdd/research/engines/Urho3D/Source/Urho3D/AngelScript/Manual_Physics.cpp,2,0,2
/media/ullmann/hdd/research/engines/Urho3D/Source/Urho3D/Physics/RigidBody.cpp,15,0,15
/media/ullmann/hdd/research/engines/Urho3D/Source/Urho3D/Physics/PhysicsUtils.h,2,6,8
/media/ullmann/hdd/research/engines/Urho3D/Source/ThirdParty/FreeType/src/base/ftbase.h,0,3,3
/media/ullmann/hdd/research/engines/Urho3D/script/build/include/Urho3D/Urho2D/StaticSprite2D.h,1,3,4
/media/ullmann/hdd/research/engines/Urho3D/Source/ThirdParty/FreeType/src/cff/cf2read.h,0,1,1
/media/ullmann/hdd/research/engines/Urho3D/Source/ThirdParty/FreeType/src/type42/t42error.h,0,3,3
/media/ullmann/hdd/research/engines/Urho3D/Source/Urho3D/AngelScript/Manual_Scene.cpp,5,0,5
/media/ullmann/hdd/research/engines/Urho3D/Source/ThirdParty/SDL/src/video/x11/SDL_x11xinput2.c,5,0,5
/media/ullmann/hdd/research/engines/Urho3D/Source/ThirdParty/FreeType/src/cache/ftcimage.c,3,1,4
/media/ullmann/hdd/research/engines/Urho3D/include/Urho3D/Graphics/Tangent.h,1,1,2
/media/ullmann/hdd/research/engines/Urho3D/include/Urho3D/AngelScript/Manual_IO.h,3,1,4
/media/ullmann/hdd/research/engines/Urho3D/include/Urho3D/IO/PackageFile.h,1,4,5
/media/ullmann/hdd/research/engines/Urho3D/Source/ThirdParty/Assimp/contrib/rapidjson/include/rapidjson/error/error.h,1,2,3
/media/ullmann/hdd/research/engines/Urho3D/Source/ThirdParty/Assimp/contrib/rapidjson/include/rapidjson/rapidjson.h,2,12,14
/media/ullmann/hdd/research/engines/Urho3D/Source/Urho3D/Network/NetworkPriority.cpp,4,0,4
/media/ullmann/hdd/research/engines/Urho3D/Source/ThirdParty/ik/src/effector.c,3,0,3
/media/ullmann/hdd/research/engines/Urho3D/Source/ThirdParty/Assimp/code/HMPLoader.h,3,2,5
/media/ullmann/hdd/research/engines/Urho3D/Source/Urho3D/Navigation/CrowdManager.cpp,13,0,13
/media/ullmann/hdd/research/engines/Urho3D/Source/Urho3D/Urho2D/Renderer2D.cpp,20,0,20
/media/ullmann/hdd/research/engines/Urho3D/Source/ThirdParty/LZ4/lz4hc.h,1,1,2
/media/ullmann/hdd/research/engines/Urho3D/Source/ThirdParty/SLikeNet/Source/src/DataCompressor.cpp,3,0,3
/media/ullmann/hdd/research/engines/Urho3D/include/Urho3D/ThirdParty/slikenet/DS_HuffmanEncodingTree.h,0,5,5
/media/ullmann/hdd/research/engines/Urho3D/Source/ThirdParty/Bullet/src/BulletCollision/Gimpact/gim_hash_table.h,1,0,1
/media/ullmann/hdd/research/engines/Urho3D/script/build/include/Urho3D/ThirdParty/SDL/SDL_surface.h,7,2,9
/media/ullmann/hdd/research/engines/Urho3D/script/build/include/Urho3D/ThirdParty/SDL/SDL_rwops.h,4,5,9
/media/ullmann/hdd/research/engines/Urho3D/Source/ThirdParty/SLikeNet/Source/include/slikenet/InternalPacket.h,7,4,11
/media/ullmann/hdd/research/engines/Urho3D/Source/ThirdParty/Assimp/code/FBXDocumentUtil.cpp,5,0,5
/media/ullmann/hdd/research/engines/Urho3D/Source/ThirdParty/Assimp/code/FBXDocument.h,2,14,16
/media/ullmann/hdd/research/engines/Urho3D/include/Urho3D/ThirdParty/slikenet/TableSerializer.h,0,1,1
/media/ullmann/hdd/research/engines/Urho3D/Source/ThirdParty/SLikeNet/Source/include/slikenet/SendToThread.h,5,2,7
/media/ullmann/hdd/research/engines/Urho3D/Source/ThirdParty/SLikeNet/Source/include/slikenet/SocketLayer.h,6,4,10
/media/ullmann/hdd/research/engines/Urho3D/Source/ThirdParty/Assimp/code/ValidateDataStructure.cpp,4,0,4
/media/ullmann/hdd/research/engines/Urho3D/Source/ThirdParty/AngelScript/source/as_datatype.h,2,10,12
/media/ullmann/hdd/research/engines/Urho3D/Source/ThirdParty/Assimp/code/LineSplitter.h,2,3,5
/media/ullmann/hdd/research/engines/Urho3D/Source/ThirdParty/SLikeNet/Source/src/SuperFastHash.cpp,4,0,4
/media/ullmann/hdd/research/engines/Urho3D/Source/ThirdParty/SDL/src/video/winrt/SDL_winrtgamebar.cpp,3,0,3
/media/ullmann/hdd/research/engines/Urho3D/Source/ThirdParty/WebP/src/utils/quant_levels_dec_utils.h,1,2,3
/media/ullmann/hdd/research/engines/Urho3D/Source/ThirdParty/Assimp/code/GenVertexNormalsProcess.cpp,4,0,4
/media/ullmann/hdd/research/engines/Urho3D/Source/ThirdParty/FreeType/src/cache/ftcmanag.c,3,1,4
/media/ullmann/hdd/research/engines/Urho3D/Source/Urho3D/Graphics/CustomGeometry.h,1,4,5
/media/ullmann/hdd/research/engines/Urho3D/script/build/include/Urho3D/ThirdParty/SDL/SDL_audio.h,8,1,9
/media/ullmann/hdd/research/engines/Urho3D/Source/ThirdParty/SDL/include/SDL_sensor.h,4,1,5
/media/ullmann/hdd/research/engines/Urho3D/Source/ThirdParty/SDL/src/events/SDL_gesture_c.h,1,2,3
/media/ullmann/hdd/research/engines/Urho3D/Source/ThirdParty/Assimp/code/OgreBinarySerializer.cpp,4,0,4
/media/ullmann/hdd/research/engines/Urho3D/Source/ThirdParty/FreeType/src/lzw/ftlzw.c,2,0,2
/media/ullmann/hdd/research/engines/Urho3D/Source/ThirdParty/FreeType/src/lzw/ftzopen.c,1,1,2
/media/ullmann/hdd/research/engines/Urho3D/include/Urho3D/AngelScript/Manual_Network.h,2,1,3
/media/ullmann/hdd/research/engines/Urho3D/Source/Urho3D/Graphics/RenderPath.cpp,7,0,7
/media/ullmann/hdd/research/engines/Urho3D/Source/Urho3D/IO/RWOpsWrapper.h,1,1,2
/media/ullmann/hdd/research/engines/Urho3D/Source/Urho3D/UI/View3D.cpp,12,0,12
/media/ullmann/hdd/research/engines/Urho3D/Source/ThirdParty/FreeType/src/gxvalid/gxvjust.c,2,1,3
/media/ullmann/hdd/research/engines/Urho3D/Source/ThirdParty/FreeType/src/gxvalid/gxvalid.h,1,13,14
/media/ullmann/hdd/research/engines/Urho3D/Source/ThirdParty/ik/src/vec3.c,2,0,2
/media/ullmann/hdd/research/engines/Urho3D/Source/Urho3D/Graphics/StaticModelGroup.h,1,3,4
/media/ullmann/hdd/research/engines/Urho3D/Source/ThirdParty/SDL/src/video/SDL_blit_N.c,2,0,2
/media/ullmann/hdd/research/engines/Urho3D/include/Urho3D/ThirdParty/SDL/SDL_vulkan.h,3,0,3
/media/ullmann/hdd/research/engines/Urho3D/Source/ThirdParty/Assimp/code/AMFImporter_Geometry.cpp,2,0,2
/media/ullmann/hdd/research/engines/Urho3D/Source/ThirdParty/Assimp/code/AMFImporter_Macro.hpp,0,3,3
/media/ullmann/hdd/research/engines/Urho3D/Source/Samples/17_SceneReplication/SceneReplication.h,1,1,2
/media/ullmann/hdd/research/engines/Urho3D/Source/ThirdParty/SDL/src/video/x11/SDL_x11shape.h,2,3,5
/media/ullmann/hdd/research/engines/Urho3D/Source/ThirdParty/SDL/include/SDL_pixels.h,4,4,8
/media/ullmann/hdd/research/engines/Urho3D/Source/Urho3D/Database/SQLite/SQLiteConnection.h,2,1,3
/media/ullmann/hdd/research/engines/Urho3D/Source/ThirdParty/Box2D/include/box2d/b2_collision.h,2,5,7
/media/ullmann/hdd/research/engines/Urho3D/include/Urho3D/ThirdParty/ik/bst_vector.h,2,7,9
/media/ullmann/hdd/research/engines/Urho3D/Source/ThirdParty/Box2D/include/box2d/b2_world.h,7,1,8
/media/ullmann/hdd/research/engines/Urho3D/Source/ThirdParty/Box2D/include/box2d/b2_contact_manager.h,2,1,3
/media/ullmann/hdd/research/engines/Urho3D/Source/Urho3D/GraphicsAPI/Direct3D11/D3D11Texture3D.cpp,13,0,13
/media/ullmann/hdd/research/engines/Urho3D/Source/ThirdParty/SDL/src/audio/qsa/SDL_qsa_audio.c,4,0,4
/media/ullmann/hdd/research/engines/Urho3D/Source/ThirdParty/SLikeNet/Source/include/slikenet/DS_Map.h,4,8,12
/media/ullmann/hdd/research/engines/Urho3D/Source/ThirdParty/FreeType/src/raster/rastpic.c,2,1,3
/media/ullmann/hdd/research/engines/Urho3D/Source/ThirdParty/FreeType/src/raster/rasterrs.h,0,3,3
/media/ullmann/hdd/research/engines/Urho3D/Source/Urho3D/Core/StringHashRegister.cpp,5,0,5
/media/ullmann/hdd/research/engines/Urho3D/Source/Samples/16_Chat/Chat.h,1,1,2
/media/ullmann/hdd/research/engines/Urho3D/Source/ThirdParty/Tracy/client/TracySysTime.cpp,1,1,2
/media/ullmann/hdd/research/engines/Urho3D/Source/ThirdParty/Tracy/client/TracySysTime.hpp,0,2,2
/media/ullmann/hdd/research/engines/Urho3D/Source/ThirdParty/FreeType/src/autofit/afhints.c,2,1,3
/media/ullmann/hdd/research/engines/Urho3D/script/build/include/Urho3D/Math/Random.h,2,2,4
/media/ullmann/hdd/research/engines/Urho3D/Source/ThirdParty/SDL/src/audio/nas/SDL_nasaudio.h,2,1,3
/media/ullmann/hdd/research/engines/Urho3D/Source/ThirdParty/SLikeNet/Source/SocketLayer.h,1,0,1
/media/ullmann/hdd/research/engines/Urho3D/Source/ThirdParty/WebP/src/webp/mux.h,1,3,4
/media/ullmann/hdd/research/engines/Urho3D/Source/ThirdParty/AngelScript/source/as_callfunc_ppc.cpp,6,0,6
/media/ullmann/hdd/research/engines/Urho3D/Source/ThirdParty/Lua/src/liolib.c,3,0,3
/media/ullmann/hdd/research/engines/Urho3D/Source/Urho3D/Graphics/Batch.h,6,10,16
/media/ullmann/hdd/research/engines/Urho3D/include/Urho3D/Math/Sphere.h,1,4,5
/media/ullmann/hdd/research/engines/Urho3D/Source/ThirdParty/WebP/src/enc/filter_enc.c,2,0,2
/media/ullmann/hdd/research/engines/Urho3D/Source/ThirdParty/Tracy/libbacktrace/sort.cpp,3,1,4
/media/ullmann/hdd/research/engines/Urho3D/Source/ThirdParty/SLikeNet/Source/include/slikenet/CloudServer.h,8,2,10
/media/ullmann/hdd/research/engines/Urho3D/Source/ThirdParty/SDL/src/main/windows/SDL_windows_main.c,1,0,1
/media/ullmann/hdd/research/engines/Urho3D/include/Urho3D/GraphicsAPI/Texture3D.h,4,1,5
/media/ullmann/hdd/research/engines/Urho3D/Source/Urho3D/Graphics/RenderPath.h,5,6,11
/media/ullmann/hdd/research/engines/Urho3D/Source/Urho3D/Navigation/Navigable.h,1,3,4
/media/ullmann/hdd/research/engines/Urho3D/Source/ThirdParty/Assimp/contrib/zlib/deflate.c,1,0,1
/media/ullmann/hdd/research/engines/Urho3D/Source/ThirdParty/Assimp/contrib/zlib/deflate.h,1,2,3
/media/ullmann/hdd/research/engines/Urho3D/Source/ThirdParty/Bullet/src/BulletCollision/BroadphaseCollision/btSimpleBroadphase.cpp,1,0,1
/media/ullmann/hdd/research/engines/Urho3D/Source/ThirdParty/Assimp/code/HMPLoader.cpp,2,0,2
/media/ullmann/hdd/research/engines/Urho3D/script/build/include/Urho3D/Graphics/Renderer.h,6,2,8
/media/ullmann/hdd/research/engines/Urho3D/include/Urho3D/Graphics/DebugRenderer.h,3,3,6
/media/ullmann/hdd/research/engines/Urho3D/Source/ThirdParty/FreeType/src/pshinter/pshpic.c,2,1,3
/media/ullmann/hdd/research/engines/Urho3D/Source/Urho3D/UI/DropDownList.h,1,6,7
/media/ullmann/hdd/research/engines/Urho3D/Source/ThirdParty/SLikeNet/Source/NatTypeDetectionCommon.h,1,0,1
/media/ullmann/hdd/research/engines/Urho3D/Source/Samples/18_CharacterDemo/CharacterDemo.cpp,3,0,3
/media/ullmann/hdd/research/engines/Urho3D/Source/ThirdParty/SDL/src/haptic/windows/SDL_dinputhaptic.c,5,0,5
/media/ullmann/hdd/research/engines/Urho3D/Source/ThirdParty/Assimp/code/SIBImporter.cpp,5,0,5
/media/ullmann/hdd/research/engines/Urho3D/Source/ThirdParty/SLikeNet/Source/CloudServer.h,1,0,1
/media/ullmann/hdd/research/engines/Urho3D/Source/ThirdParty/SDL/src/video/winrt/SDL_winrtgamebar_cpp.h,0,1,1
/media/ullmann/hdd/research/engines/Urho3D/Source/ThirdParty/FreeType/src/smooth/smooth.c,3,0,3
/media/ullmann/hdd/research/engines/Urho3D/Source/ThirdParty/FreeType/src/smooth/ftsmooth.c,4,1,5
/media/ullmann/hdd/research/engines/Urho3D/Source/Urho3D/Urho2D/AnimationSet2D.h,2,4,6
/media/ullmann/hdd/research/engines/Urho3D/Source/ThirdParty/Box2D/src/dynamics/b2_mouse_joint.cpp,3,0,3
/media/ullmann/hdd/research/engines/Urho3D/include/Urho3D/ThirdParty/box2d/b2_mouse_joint.h,0,2,2
/media/ullmann/hdd/research/engines/Urho3D/Source/ThirdParty/Bullet/src/btBulletDynamicsCommon.h,16,0,16
/media/ullmann/hdd/research/engines/Urho3D/Source/ThirdParty/Bullet/src/BulletDynamics/ConstraintSolver/btSequentialImpulseConstraintSolver.h,0,4,4
/media/ullmann/hdd/research/engines/Urho3D/include/Urho3D/Engine/DebugHud.h,2,1,3
/media/ullmann/hdd/research/engines/Urho3D/Source/ThirdParty/Assimp/code/FBXConverter.cpp,8,0,8
/media/ullmann/hdd/research/engines/Urho3D/Source/ThirdParty/FreeType/src/gxvalid/gxvmorx0.c,1,1,2
/media/ullmann/hdd/research/engines/Urho3D/Source/ThirdParty/SDL/src/thread/windows/SDL_systls.c,3,0,3
/media/ullmann/hdd/research/engines/Urho3D/script/build/include/Urho3D/ThirdParty/SDL/SDL_mouse.h,5,1,6
/media/ullmann/hdd/research/engines/Urho3D/script/build/include/Urho3D/Graphics/DrawableEvents.h,1,0,1
/media/ullmann/hdd/research/engines/Urho3D/Source/ThirdParty/Assimp/code/3DSExporter.h,1,1,2
/media/ullmann/hdd/research/engines/Urho3D/Source/ThirdParty/Bullet/src/BulletDynamics/ConstraintSolver/btGearConstraint.cpp,1,0,1
/media/ullmann/hdd/research/engines/Urho3D/Source/ThirdParty/Bullet/src/BulletDynamics/ConstraintSolver/btGearConstraint.h,0,2,2
/media/ullmann/hdd/research/engines/Urho3D/include/Urho3D/Container/FlagSet.h,0,6,6
/media/ullmann/hdd/research/engines/Urho3D/Source/Urho3D/Navigation/NavigationEvents.h,1,5,6
/media/ullmann/hdd/research/engines/Urho3D/Source/ThirdParty/SLikeNet/Source/HTTPConnection2.h,1,0,1
/media/ullmann/hdd/research/engines/Urho3D/Source/ThirdParty/Assimp/code/MDLMaterialLoader.cpp,4,0,4
/media/ullmann/hdd/research/engines/Urho3D/Source/Urho3D/GraphicsAPI/Direct3D9/D3D9Texture2DArray.cpp,13,0,13
/media/ullmann/hdd/research/engines/Urho3D/Source/ThirdParty/SDL/src/video/x11/SDL_x11dyn.h,2,3,5
/media/ullmann/hdd/research/engines/Urho3D/Source/ThirdParty/SDL/src/video/x11/SDL_x11sym.h,0,2,2
/media/ullmann/hdd/research/engines/Urho3D/Source/ThirdParty/SLikeNet/Source/include/slikenet/ReliabilityLayer.h,24,3,27
/media/ullmann/hdd/research/engines/Urho3D/Source/ThirdParty/SLikeNet/Source/StringTable.h,1,0,1
/media/ullmann/hdd/research/engines/Urho3D/Source/ThirdParty/SLikeNet/Source/include/slikenet/StringTable.h,3,2,5
/media/ullmann/hdd/research/engines/Urho3D/Source/ThirdParty/Bullet/src/BulletCollision/CollisionShapes/btTriangleMesh.cpp,1,0,1
/media/ullmann/hdd/research/engines/Urho3D/include/Urho3D/Container/LinkedList.h,1,2,3
/media/ullmann/hdd/research/engines/Urho3D/Source/Urho3D/GraphicsAPI/Direct3D9/D3D9GraphicsImpl.cpp,4,0,4
/media/ullmann/hdd/research/engines/Urho3D/Source/ThirdParty/ik/src/solver.c,12,0,12
/media/ullmann/hdd/research/engines/Urho3D/Source/ThirdParty/SDL/src/video/nacl/SDL_naclwindow.h,1,2,3
/media/ullmann/hdd/research/engines/Urho3D/Source/Urho3D/Core/Thread.cpp,3,0,3
/media/ullmann/hdd/research/engines/Urho3D/Source/Urho3D/Core/Thread.h,1,10,11
/media/ullmann/hdd/research/engines/Urho3D/include/Urho3D/UI/UIComponent.h,2,1,3
/media/ullmann/hdd/research/engines/Urho3D/Source/ThirdParty/Bullet/src/BulletDynamics/ConstraintSolver/btHingeConstraint.cpp,2,0,2
/media/ullmann/hdd/research/engines/Urho3D/script/build/include/Urho3D/ThirdParty/rapidjson/internal/regex.h,3,1,4
/media/ullmann/hdd/research/engines/Urho3D/Source/ThirdParty/Lua/src/ltm.c,6,0,6
/media/ullmann/hdd/research/engines/Urho3D/script/build/include/Urho3D/ThirdParty/rapidjson/internal/clzll.h,1,3,4
/media/ullmann/hdd/research/engines/Urho3D/Source/ThirdParty/FreeType/src/cff/cffparse.h,1,5,6
/media/ullmann/hdd/research/engines/Urho3D/Source/ThirdParty/Box2D/include/box2d/b2_circle_shape.h,2,1,3
/media/ullmann/hdd/research/engines/Urho3D/Source/ThirdParty/FreeType/src/gxvalid/gxverror.h,0,1,1
/media/ullmann/hdd/research/engines/Urho3D/Source/Tools/BindingGenerator/Tuning.cpp,3,0,3
/media/ullmann/hdd/research/engines/Urho3D/Source/ThirdParty/SLikeNet/Source/include/slikenet/SignaledEvent.h,2,4,6
/media/ullmann/hdd/research/engines/Urho3D/Source/ThirdParty/FreeType/src/cache/ftcerror.h,0,8,8
/media/ullmann/hdd/research/engines/Urho3D/Source/ThirdParty/AngelScript/source/as_callfunc_x64_msvc.cpp,5,0,5
/media/ullmann/hdd/research/engines/Urho3D/Source/Urho3D/GraphicsAPI/Direct3D11/D3D11ShaderProgram.h,4,2,6
/media/ullmann/hdd/research/engines/Urho3D/Source/ThirdParty/Bullet/src/BulletDynamics/Featherstone/btMultiBodyJointMotor.cpp,3,0,3
/media/ullmann/hdd/research/engines/Urho3D/Source/ThirdParty/Bullet/src/BulletDynamics/Featherstone/btMultiBodyJointMotor.h,1,1,2
/media/ullmann/hdd/research/engines/Urho3D/Source/ThirdParty/SDL/include/SDL_hints.h,3,1,4
/media/ullmann/hdd/research/engines/Urho3D/script/build/include/Urho3D/Graphics/RenderPath.h,5,2,7
/media/ullmann/hdd/research/engines/Urho3D/Source/Urho3D/GraphicsAPI/Shader.h,2,11,13
/media/ullmann/hdd/research/engines/Urho3D/Source/ThirdParty/Assimp/code/OptimizeMeshes.cpp,3,0,3
/media/ullmann/hdd/research/engines/Urho3D/Source/ThirdParty/Assimp/code/OptimizeMeshes.h,1,2,3
/media/ullmann/hdd/research/engines/Urho3D/include/Urho3D/GraphicsAPI/TextureCube.h,3,2,5
/media/ullmann/hdd/research/engines/Urho3D/Source/Urho3D/Physics2D/Constraint2D.cpp,10,0,10
/media/ullmann/hdd/research/engines/Urho3D/Source/ThirdParty/ik/include/ik/node.h,4,0,4
/media/ullmann/hdd/research/engines/Urho3D/Source/Samples/18_CharacterDemo/CharacterDemo.h,1,1,2
/media/ullmann/hdd/research/engines/Urho3D/Source/ThirdParty/FreeType/src/base/fthash.c,0,1,1
/media/ullmann/hdd/research/engines/Urho3D/Source/ThirdParty/Tracy/client/TracyRingBuffer.hpp,0,1,1
/media/ullmann/hdd/research/engines/Urho3D/Source/ThirdParty/Box2D/src/dynamics/b2_revolute_joint.cpp,4,0,4
/media/ullmann/hdd/research/engines/Urho3D/Source/ThirdParty/Assimp/code/COBScene.h,1,1,2
/media/ullmann/hdd/research/engines/Urho3D/Source/ThirdParty/Bullet/src/BulletSoftBody/btDeformableLagrangianForce.h,1,8,9
/media/ullmann/hdd/research/engines/Urho3D/Source/ThirdParty/Assimp/code/MDLLoader.cpp,6,0,6
/media/ullmann/hdd/research/engines/Urho3D/Source/ThirdParty/Assimp/contrib/Open3DGC/o3dgcIndexedFaceSet.h,2,2,4
/media/ullmann/hdd/research/engines/Urho3D/Source/ThirdParty/SLikeNet/Source/Router2.h,1,0,1
/media/ullmann/hdd/research/engines/Urho3D/Source/ThirdParty/SLikeNet/Source/include/slikenet/Router2.h,9,2,11
/media/ullmann/hdd/research/engines/Urho3D/script/build/include/Urho3D/IO/AbstractFile.h,2,5,7
/media/ullmann/hdd/research/engines/Urho3D/Source/Urho3D/Database/SQLite/SQLiteResult.h,1,1,2
/media/ullmann/hdd/research/engines/Urho3D/Source/Urho3D/Math/Matrix3.cpp,3,0,3
/media/ullmann/hdd/research/engines/Urho3D/Source/ThirdParty/Box2D/include/box2d/b2_body.h,3,2,5
/media/ullmann/hdd/research/engines/Urho3D/Source/ThirdParty/SDL/src/video/emscripten/SDL_emscriptenframebuffer.h,1,2,3
/media/ullmann/hdd/research/engines/Urho3D/script/build/include/Urho3D/ThirdParty/SDL/SDL_quit.h,2,1,3
/media/ullmann/hdd/research/engines/Urho3D/Source/Urho3D/IO/NamedPipe.cpp,5,0,5
/media/ullmann/hdd/research/engines/Urho3D/Source/Urho3D/IO/NamedPipe.h,3,3,6
/media/ullmann/hdd/research/engines/Urho3D/Source/Urho3D/IK/IKConstraint.cpp,5,0,5
/media/ullmann/hdd/research/engines/Urho3D/Source/Urho3D/Database/Database.h,2,4,6
/media/ullmann/hdd/research/engines/Urho3D/Source/ThirdParty/AngelScript/source/as_debug.h,4,8,12
/media/ullmann/hdd/research/engines/Urho3D/Source/ThirdParty/FreeType/src/sfnt/ttbdf.h,1,4,5
/media/ullmann/hdd/research/engines/Urho3D/Source/ThirdParty/Bullet/src/BulletCollision/CollisionDispatch/btCollisionWorld.cpp,2,0,2
/media/ullmann/hdd/research/engines/Urho3D/Source/ThirdParty/Tracy/TracyLua.hpp,5,0,5
/media/ullmann/hdd/research/engines/Urho3D/Source/ThirdParty/SDL/src/video/cocoa/SDL_cocoamodes.h,1,1,2
/media/ullmann/hdd/research/engines/Urho3D/Source/ThirdParty/SLikeNet/Source/src/ReliabilityLayer.cpp,11,0,11
/media/ullmann/hdd/research/engines/Urho3D/Source/ThirdParty/Bullet/src/LinearMath/btConvexHull.h,2,1,3
/media/ullmann/hdd/research/engines/Urho3D/Source/Samples/06_SkeletalAnimation/SkeletalAnimation.h,1,1,2
/media/ullmann/hdd/research/engines/Urho3D/Source/ThirdParty/SLikeNet/Source/slikenet/PacketLogger.h,1,0,1
/media/ullmann/hdd/research/engines/Urho3D/Source/ThirdParty/SDL/src/thread/stdcpp/SDL_systhread.cpp,3,0,3
/media/ullmann/hdd/research/engines/Urho3D/Source/ThirdParty/SDL/src/render/direct3d11/SDL_render_winrt.cpp,4,0,4
/media/ullmann/hdd/research/engines/Urho3D/Source/ThirdParty/LuaJIT/src/host/buildvm_lib.c,2,0,2
/media/ullmann/hdd/research/engines/Urho3D/Source/ThirdParty/LuaJIT/src/host/buildvm_libbc.h,0,1,1
/media/ullmann/hdd/research/engines/Urho3D/Source/ThirdParty/FreeType/src/cache/ftcache.c,8,0,8
/media/ullmann/hdd/research/engines/Urho3D/Source/ThirdParty/Tracy/client/tracy_rpmalloc.hpp,1,4,5
/media/ullmann/hdd/research/engines/Urho3D/Source/ThirdParty/Tracy/common/TracyApi.h,0,4,4
/media/ullmann/hdd/research/engines/Urho3D/include/Urho3D/Core/ProcessUtils.h,1,2,3
/media/ullmann/hdd/research/engines/Urho3D/Source/ThirdParty/SLikeNet/Source/include/slikenet/PacketOutputWindowLogger.h,2,2,4
/media/ullmann/hdd/research/engines/Urho3D/include/Urho3D/Physics2D/PhysicsUtils2D.h,3,0,3
/media/ullmann/hdd/research/engines/Urho3D/include/Urho3D/ThirdParty/slikenet/StringCompressor.h,0,10,10
/media/ullmann/hdd/research/engines/Urho3D/include/Urho3D/UI/ProgressBar.h,3,1,4
/media/ullmann/hdd/research/engines/Urho3D/Source/ThirdParty/SLikeNet/Source/src/GridSectorizer.cpp,2,0,2
/media/ullmann/hdd/research/engines/Urho3D/include/Urho3D/ThirdParty/slikenet/GridSectorizer.h,0,1,1
/media/ullmann/hdd/research/engines/Urho3D/Source/Urho3D/Graphics/Animation.h,5,8,13
/media/ullmann/hdd/research/engines/Urho3D/Source/ThirdParty/SDL/src/video/emscripten/SDL_emscriptenmouse.c,3,0,3
/media/ullmann/hdd/research/engines/Urho3D/include/Urho3D/ThirdParty/rapidjson/pointer.h,3,1,4
/media/ullmann/hdd/research/engines/Urho3D/Source/ThirdParty/Bullet/src/BulletDynamics/Featherstone/btMultiBodyPoint2Point.h,1,2,3
/media/ullmann/hdd/research/engines/Urho3D/Source/ThirdParty/SDL/src/video/raspberry/SDL_rpimouse.c,6,0,6
/media/ullmann/hdd/research/engines/Urho3D/Source/ThirdParty/SDL/src/video/raspberry/SDL_rpivideo.h,2,5,7
/media/ullmann/hdd/research/engines/Urho3D/Source/ThirdParty/LuaJIT/src/lj_state.c,17,1,18
/media/ullmann/hdd/research/engines/Urho3D/Source/ThirdParty/SLikeNet/Source/src/StringTable.cpp,6,0,6
/media/ullmann/hdd/research/engines/Urho3D/Source/ThirdParty/SLikeNet/Source/src/StringCompressor.cpp,5,0,5
/media/ullmann/hdd/research/engines/Urho3D/Source/Urho3D/GraphicsAPI/Direct3D9/D3D9ShaderProgram.h,2,2,4
/media/ullmann/hdd/research/engines/Urho3D/Source/ThirdParty/Assimp/code/MDLDefaultColorMap.h,0,2,2
/media/ullmann/hdd/research/engines/Urho3D/Source/ThirdParty/SDL/src/audio/pulseaudio/SDL_pulseaudio.c,4,0,4
/media/ullmann/hdd/research/engines/Urho3D/Source/ThirdParty/Assimp/include/assimp/NullLogger.hpp,1,1,2
/media/ullmann/hdd/research/engines/Urho3D/Source/ThirdParty/Assimp/include/assimp/Logger.hpp,1,2,3
/media/ullmann/hdd/research/engines/Urho3D/Source/ThirdParty/SDL/src/joystick/haiku/SDL_haikujoystick.cc,3,0,3
/media/ullmann/hdd/research/engines/Urho3D/Source/ThirdParty/SLikeNet/Source/include/slikenet/NatPunchthroughClient.h,9,2,11
/media/ullmann/hdd/research/engines/Urho3D/Source/Urho3D/Physics2D/PhysicsWorld2D.h,2,8,10
/media/ullmann/hdd/research/engines/Urho3D/Source/ThirdParty/Assimp/contrib/zlib/gzlib.c,1,0,1
/media/ullmann/hdd/research/engines/Urho3D/script/build/include/Urho3D/Math/Matrix3x4.h,1,11,12
/media/ullmann/hdd/research/engines/Urho3D/Source/ThirdParty/SDL/src/SDL_dataqueue.h,0,3,3
/media/ullmann/hdd/research/engines/Urho3D/Source/ThirdParty/SLikeNet/Source/slikenet/RelayPlugin.h,1,0,1
/media/ullmann/hdd/research/engines/Urho3D/Source/ThirdParty/Lua/src/loadlib.c,3,0,3
/media/ullmann/hdd/research/engines/Urho3D/Source/ThirdParty/SDL/src/render/direct3d11/SDL_shaders_d3d11.h,1,2,3
/media/ullmann/hdd/research/engines/Urho3D/Source/ThirdParty/SDL/src/video/directfb/SDL_DirectFB_shape.c,5,0,5
/media/ullmann/hdd/research/engines/Urho3D/Source/ThirdParty/AngelScript/source/as_parser.h,4,3,7
/media/ullmann/hdd/research/engines/Urho3D/Source/ThirdParty/SDL/src/video/raspberry/SDL_rpievents.c,7,0,7
/media/ullmann/hdd/research/engines/Urho3D/Source/ThirdParty/Assimp/code/AssimpCExport.cpp,2,0,2
/media/ullmann/hdd/research/engines/Urho3D/script/build/include/Urho3D/Core/Profiler.h,4,2,6
/media/ullmann/hdd/research/engines/Urho3D/Source/ThirdParty/Box2D/src/dynamics/b2_world.cpp,16,0,16
/media/ullmann/hdd/research/engines/Urho3D/Source/ThirdParty/SDL/src/video/directfb/SDL_DirectFB_opengl.h,1,3,4
/media/ullmann/hdd/research/engines/Urho3D/Source/ThirdParty/SDL/src/video/directfb/SDL_DirectFB_video.h,2,12,14
/media/ullmann/hdd/research/engines/Urho3D/Source/ThirdParty/SLikeNet/Source/slikenet/RefCountedObj.h,1,0,1
/media/ullmann/hdd/research/engines/Urho3D/Source/ThirdParty/SLikeNet/Source/include/slikenet/RefCountedObj.h,1,2,3
/media/ullmann/hdd/research/engines/Urho3D/Source/ThirdParty/SLikeNet/Source/RakString.h,1,0,1
/media/ullmann/hdd/research/engines/Urho3D/Source/Urho3D/Physics2D/ConstraintDistance2D.cpp,6,0,6
/media/ullmann/hdd/research/engines/Urho3D/Source/ThirdParty/FreeType/src/otvalid/otvgsub.c,2,1,3
/media/ullmann/hdd/research/engines/Urho3D/Source/ThirdParty/Bullet/src/BulletDynamics/ConstraintSolver/btHinge2Constraint.h,2,2,4
/media/ullmann/hdd/research/engines/Urho3D/include/Urho3D/Graphics/Light.h,4,3,7
/media/ullmann/hdd/research/engines/Urho3D/Source/Urho3D/GraphicsAPI/Direct3D11/D3D11VertexDeclaration.h,3,2,5
/media/ullmann/hdd/research/engines/Urho3D/Source/Urho3D/Graphics/DecalSet.cpp,19,0,19
/media/ullmann/hdd/research/engines/Urho3D/Source/Samples/99_Benchmark/Benchmark02_WomanMover.cpp,1,0,1
/media/ullmann/hdd/research/engines/Urho3D/Source/Samples/99_Benchmark/Benchmark02_WomanMover.h,0,2,2
/media/ullmann/hdd/research/engines/Urho3D/Source/ThirdParty/Bullet/src/BulletCollision/Gimpact/btGImpactQuantizedBvh.h,3,2,5
/media/ullmann/hdd/research/engines/Urho3D/Source/ThirdParty/Bullet/src/BulletCollision/Gimpact/btQuantization.h,0,2,2
/media/ullmann/hdd/research/engines/Urho3D/Source/ThirdParty/Assimp/code/LWOLoader.cpp,6,0,6
/media/ullmann/hdd/research/engines/Urho3D/Source/ThirdParty/Assimp/code/LWOLoader.h,2,4,6
/media/ullmann/hdd/research/engines/Urho3D/Source/ThirdParty/Assimp/code/ObjFileImporter.h,1,2,3
/media/ullmann/hdd/research/engines/Urho3D/include/Urho3D/ThirdParty/SDL/SDL_system.h,6,1,7
/media/ullmann/hdd/research/engines/Urho3D/Source/ThirdParty/SLikeNet/Source/include/slikenet/FullyConnectedMesh2.h,7,2,9
/media/ullmann/hdd/research/engines/Urho3D/Source/ThirdParty/Assimp/code/glTF2Importer.cpp,6,0,6
/media/ullmann/hdd/research/engines/Urho3D/Source/ThirdParty/SLikeNet/Source/DS_Heap.h,1,0,1
/media/ullmann/hdd/research/engines/Urho3D/Source/ThirdParty/Bullet/src/BulletCollision/BroadphaseCollision/btAxisSweep3Internal.h,5,1,6
/media/ullmann/hdd/research/engines/Urho3D/Source/ThirdParty/SDL/src/video/wayland/SDL_waylandvideo.h,1,12,13
/media/ullmann/hdd/research/engines/Urho3D/Source/Tools/BindingGenerator/Utils.h,0,11,11
/media/ullmann/hdd/research/engines/Urho3D/Source/ThirdParty/LuaJIT/src/lj_meta.c,13,1,14
/media/ullmann/hdd/research/engines/Urho3D/Source/Urho3D/Graphics/Geometry.cpp,8,0,8
/media/ullmann/hdd/research/engines/Urho3D/Source/Urho3D/Network/Protocol.h,0,3,3
/media/ullmann/hdd/research/engines/Urho3D/Source/Urho3D/GraphicsAPI/Texture2DArray.h,3,8,11
/media/ullmann/hdd/research/engines/Urho3D/script/build/include/Urho3D/UI/View3D.h,1,1,2
/media/ullmann/hdd/research/engines/Urho3D/Source/ThirdParty/rapidjson/include/rapidjson/prettywriter.h,1,0,1
/media/ullmann/hdd/research/engines/Urho3D/Source/ThirdParty/rapidjson/include/rapidjson/writer.h,8,1,9
/media/ullmann/hdd/research/engines/Urho3D/Source/ThirdParty/rapidjson/include/rapidjson/msinttypes/stdint.h,0,2,2
/media/ullmann/hdd/research/engines/Urho3D/include/Urho3D/Physics2D/PhysicsWorld2D.h,2,2,4
/media/ullmann/hdd/research/engines/Urho3D/Source/Urho3D/Physics2D/RigidBody2D.cpp,10,0,10
/media/ullmann/hdd/research/engines/Urho3D/Source/ThirdParty/SDL/src/sensor/SDL_sensor.c,3,0,3
/media/ullmann/hdd/research/engines/Urho3D/Source/ThirdParty/Bullet/src/BulletCollision/CollisionShapes/btConvexInternalShape.h,1,7,8
/media/ullmann/hdd/research/engines/Urho3D/include/Urho3D/ThirdParty/box2d/b2_stack_allocator.h,0,3,3
/media/ullmann/hdd/research/engines/Urho3D/Source/ThirdParty/SLikeNet/Source/slikenet/DS_List.h,1,0,1
/media/ullmann/hdd/research/engines/Urho3D/Source/Urho3D/Database/DbConnection.h,2,2,4
/media/ullmann/hdd/research/engines/Urho3D/Source/ThirdParty/SLikeNet/Source/include/slikenet/DS_MemoryPool.h,4,7,11
/media/ullmann/hdd/research/engines/Urho3D/Source/ThirdParty/SDL/src/thread/SDL_thread_c.h,7,9,16
/media/ullmann/hdd/research/engines/Urho3D/include/Urho3D/ThirdParty/SDL/SDL_filesystem.h,3,1,4
/media/ullmann/hdd/research/engines/Urho3D/Source/ThirdParty/Assimp/code/BVHLoader.h,1,2,3
/media/ullmann/hdd/research/engines/Urho3D/include/Urho3D/Graphics/Animation.h,5,2,7
/media/ullmann/hdd/research/engines/Urho3D/include/Urho3D/Math/Quaternion.h,1,6,7
/media/ullmann/hdd/research/engines/Urho3D/Source/ThirdParty/Assimp/contrib/poly2tri/poly2tri/sweep/cdt.h,3,2,5
/media/ullmann/hdd/research/engines/Urho3D/Source/ThirdParty/Assimp/contrib/poly2tri/poly2tri/sweep/advancing_front.h,1,4,5
/media/ullmann/hdd/research/engines/Urho3D/Source/ThirdParty/SLikeNet/Source/src/PacketizedTCP.cpp,6,0,6
/media/ullmann/hdd/research/engines/Urho3D/include/Urho3D/ThirdParty/slikenet/NativeTypes.h,0,2,2
/media/ullmann/hdd/research/engines/Urho3D/include/Urho3D/Graphics/Viewport.h,5,3,8
/media/ullmann/hdd/research/engines/Urho3D/Source/ThirdParty/SDL/src/video/x11/SDL_x11window.c,10,0,10
/media/ullmann/hdd/research/engines/Urho3D/Source/ThirdParty/Assimp/code/OpenGEXExporter.cpp,1,0,1
/media/ullmann/hdd/research/engines/Urho3D/Source/ThirdParty/Assimp/code/OpenGEXExporter.h,0,1,1
/media/ullmann/hdd/research/engines/Urho3D/Source/ThirdParty/Lua/src/llex.h,2,5,7
/media/ullmann/hdd/research/engines/Urho3D/Source/ThirdParty/SDL/src/video/cocoa/SDL_cocoamouse.h,2,2,4
/media/ullmann/hdd/research/engines/Urho3D/Source/ThirdParty/FreeType/src/autofit/afranges.h,2,2,4
/media/ullmann/hdd/research/engines/Urho3D/Source/ThirdParty/Tracy/client/TracyCallstack.hpp,4,7,11
/media/ullmann/hdd/research/engines/Urho3D/script/build/include/Urho3D/IK/IKConverters.h,2,0,2
/media/ullmann/hdd/research/engines/Urho3D/Source/ThirdParty/Bullet/src/BulletDynamics/ConstraintSolver/btFixedConstraint.h,1,2,3
/media/ullmann/hdd/research/engines/Urho3D/Source/Urho3D/AngelScript/Manual_Input.cpp,3,0,3
/media/ullmann/hdd/research/engines/Urho3D/Source/ThirdParty/FreeType/src/autofit/afwarp.h,1,5,6
/media/ullmann/hdd/research/engines/Urho3D/Source/ThirdParty/FreeType/src/pcf/pcfutil.c,1,1,2
/media/ullmann/hdd/research/engines/Urho3D/Source/ThirdParty/FreeType/src/pcf/pcfutil.h,0,2,2
/media/ullmann/hdd/research/engines/Urho3D/Source/ThirdParty/SDL/src/video/uikit/SDL_uikitopenglview.h,1,0,1
/media/ullmann/hdd/research/engines/Urho3D/Source/ThirdParty/SDL/src/video/uikit/SDL_uikitvideo.h,1,3,4
/media/ullmann/hdd/research/engines/Urho3D/Source/ThirdParty/LuaJIT/src/lj_vmevent.c,7,1,8
/media/ullmann/hdd/research/engines/Urho3D/Source/ThirdParty/LuaJIT/src/lj_vmevent.h,1,4,5
/media/ullmann/hdd/research/engines/Urho3D/Source/ThirdParty/SLikeNet/Source/slikenet/FileListNodeContext.h,1,0,1
/media/ullmann/hdd/research/engines/Urho3D/Source/Urho3D/Physics/RaycastVehicle.cpp,7,0,7
/media/ullmann/hdd/research/engines/Urho3D/Source/ThirdParty/SDL/include/SDL_thread.h,6,2,8
/media/ullmann/hdd/research/engines/Urho3D/include/Urho3D/ThirdParty/SDL/SDL_mouse.h,5,1,6
/media/ullmann/hdd/research/engines/Urho3D/Source/ThirdParty/Assimp/code/RawLoader.h,1,2,3
/media/ullmann/hdd/research/engines/Urho3D/include/Urho3D/ThirdParty/SDL/SDL_clipboard.h,3,1,4
/media/ullmann/hdd/research/engines/Urho3D/Source/ThirdParty/SDL/src/video/wayland/SDL_waylandmouse.h,2,1,3
/media/ullmann/hdd/research/engines/Urho3D/Source/ThirdParty/SDL/src/video/directfb/SDL_DirectFB_render.c,6,0,6
/media/ullmann/hdd/research/engines/Urho3D/Source/ThirdParty/FreeType/src/autofit/aflatin.h,1,6,7
/media/ullmann/hdd/research/engines/Urho3D/Source/Samples/50_Urho2DPlatformer/Urho2DPlatformer.cpp,4,0,4
/media/ullmann/hdd/research/engines/Urho3D/Source/Samples/Utilities2D/Mover.h,0,4,4
/media/ullmann/hdd/research/engines/Urho3D/Source/Urho3D/LuaScript/LuaScriptEventInvoker.h,1,3,4
/media/ullmann/hdd/research/engines/Urho3D/Source/ThirdParty/SLikeNet/Source/src/CommandParserInterface.cpp,4,0,4
/media/ullmann/hdd/research/engines/Urho3D/Source/ThirdParty/Assimp/include/assimp/light.h,1,1,2
/media/ullmann/hdd/research/engines/Urho3D/Source/ThirdParty/WebP/src/enc/alpha_enc.c,7,0,7
/media/ullmann/hdd/research/engines/Urho3D/Source/ThirdParty/WebP/src/utils/quant_levels_utils.h,1,2,3
/media/ullmann/hdd/research/engines/Urho3D/Source/ThirdParty/FreeType/src/truetype/ttpload.h,0,5,5
/media/ullmann/hdd/research/engines/Urho3D/Source/ThirdParty/LuaJIT/src/lua.hpp,4,0,4
/media/ullmann/hdd/research/engines/Urho3D/include/Urho3D/ThirdParty/slikenet/CloudCommon.h,0,1,1
/media/ullmann/hdd/research/engines/Urho3D/Source/ThirdParty/SDL/src/joystick/android/SDL_sysjoystick.c,6,0,6
/media/ullmann/hdd/research/engines/Urho3D/Source/ThirdParty/FreeType/src/sfnt/pngshim.c,2,1,3
/media/ullmann/hdd/research/engines/Urho3D/Source/ThirdParty/SDL/src/main/haiku/SDL_BeApp.cc,5,0,5
/media/ullmann/hdd/research/engines/Urho3D/Source/ThirdParty/AngelScript/source/as_tokenizer.cpp,4,0,4
/media/ullmann/hdd/research/engines/Urho3D/Source/ThirdParty/LuaJIT/src/lj_crecord.h,3,2,5
/media/ullmann/hdd/research/engines/Urho3D/Source/Urho3D/Physics2D/CollisionPolygon2D.cpp,7,0,7
/media/ullmann/hdd/research/engines/Urho3D/Source/Urho3D/Physics2D/CollisionPolygon2D.h,1,4,5
/media/ullmann/hdd/research/engines/Urho3D/script/build/include/Urho3D/Network/Connection.h,6,2,8
/media/ullmann/hdd/research/engines/Urho3D/Source/ThirdParty/FreeType/src/pcf/pcf.c,3,0,3
/media/ullmann/hdd/research/engines/Urho3D/Source/ThirdParty/SDL/src/video/khronos/vulkan/vk_platform.h,0,2,2
/media/ullmann/hdd/research/engines/Urho3D/Source/Urho3D/Core/EventProfiler.cpp,3,0,3
/media/ullmann/hdd/research/engines/Urho3D/Source/Tools/Tests/Container/Str.cpp,1,0,1
/media/ullmann/hdd/research/engines/Urho3D/Source/Tools/Tests/ForceAssert.h,0,2,2
/media/ullmann/hdd/research/engines/Urho3D/Source/ThirdParty/Assimp/contrib/poly2tri/poly2tri/sweep/advancing_front.cc,1,0,1
/media/ullmann/hdd/research/engines/Urho3D/Source/Urho3D/Physics2D/ConstraintWeld2D.h,1,3,4
/media/ullmann/hdd/research/engines/Urho3D/Source/ThirdParty/Assimp/contrib/Open3DGC/o3dgcSC3DMCEncoder.h,6,0,6
/media/ullmann/hdd/research/engines/Urho3D/include/Urho3D/ThirdParty/rapidjson/internal/swap.h,1,1,2
/media/ullmann/hdd/research/engines/Urho3D/Source/Urho3D/Physics2D/CollisionShape2D.cpp,9,0,9
/media/ullmann/hdd/research/engines/Urho3D/Source/ThirdParty/SDL/src/audio/wasapi/SDL_wasapi_winrt.cpp,5,0,5
/media/ullmann/hdd/research/engines/Urho3D/script/build/include/Urho3D/Graphics/AnimatedModel.h,3,2,5
/media/ullmann/hdd/research/engines/Urho3D/Source/ThirdParty/FreeType/src/pfr/pfrobjs.h,1,5,6
/media/ullmann/hdd/research/engines/Urho3D/Source/ThirdParty/SDL/include/SDL_keycode.h,2,1,3
/media/ullmann/hdd/research/engines/Urho3D/Source/ThirdParty/SDL/src/video/directfb/SDL_DirectFB_events.h,1,2,3
/media/ullmann/hdd/research/engines/Urho3D/Source/ThirdParty/SDL/src/filesystem/emscripten/SDL_sysfilesystem.c,1,0,1
/media/ullmann/hdd/research/engines/Urho3D/include/Urho3D/Graphics/Technique.h,2,2,4
/media/ullmann/hdd/research/engines/Urho3D/Source/ThirdParty/Assimp/code/DXFHelper.h,4,1,5
/media/ullmann/hdd/research/engines/Urho3D/Source/Samples/25_Urho2DParticle/Urho2DParticle.cpp,1,0,1
/media/ullmann/hdd/research/engines/Urho3D/Source/Samples/25_Urho2DParticle/Urho2DParticle.h,1,1,2
/media/ullmann/hdd/research/engines/Urho3D/Source/ThirdParty/Tracy/common/TracyAlloc.hpp,1,12,13
/media/ullmann/hdd/research/engines/Urho3D/Source/ThirdParty/SDL/src/video/winrt/SDL_winrtopengles.h,2,2,4
/media/ullmann/hdd/research/engines/Urho3D/include/Urho3D/Input/InputEvents.h,2,1,3
/media/ullmann/hdd/research/engines/Urho3D/include/Urho3D/Input/InputConstants.h,2,4,6
/media/ullmann/hdd/research/engines/Urho3D/Source/ThirdParty/Assimp/contrib/Open3DGC/o3dgcTriangleListDecoder.inl,0,1,1
/media/ullmann/hdd/research/engines/Urho3D/Source/ThirdParty/Assimp/contrib/rapidjson/include/rapidjson/memorystream.h,1,2,3
/media/ullmann/hdd/research/engines/Urho3D/Source/ThirdParty/Assimp/code/IFCOpenings.cpp,5,0,5
/media/ullmann/hdd/research/engines/Urho3D/Source/ThirdParty/Assimp/code/GenFaceNormalsProcess.h,1,2,3
/media/ullmann/hdd/research/engines/Urho3D/include/Urho3D/ThirdParty/slikenet/WSAStartupSingleton.h,0,6,6
/media/ullmann/hdd/research/engines/Urho3D/Source/ThirdParty/WebP/src/dsp/lossless_enc_neon.c,3,0,3
/media/ullmann/hdd/research/engines/Urho3D/Source/ThirdParty/WebP/src/dsp/neon.h,1,9,10
/media/ullmann/hdd/research/engines/Urho3D/script/build/include/Urho3D/Physics2D/ConstraintWheel2D.h,1,1,2
/media/ullmann/hdd/research/engines/Urho3D/Source/ThirdParty/SLikeNet/Source/include/slikenet/StatisticsHistory.h,10,2,12
/media/ullmann/hdd/research/engines/Urho3D/Source/Urho3D/IO/FileWatcher.h,4,3,7
/media/ullmann/hdd/research/engines/Urho3D/Source/ThirdParty/FreeType/src/gxvalid/gxvmort5.c,1,1,2
/media/ullmann/hdd/research/engines/Urho3D/Source/ThirdParty/Bullet/src/BulletSoftBody/btDeformableBodySolver.h,5,4,9
/media/ullmann/hdd/research/engines/Urho3D/Source/ThirdParty/Bullet/src/BulletSoftBody/btDeformableMultiBodyDynamicsWorld.h,6,4,10
/media/ullmann/hdd/research/engines/Urho3D/Source/ThirdParty/FreeType/src/autofit/afindic.h,1,2,3
/media/ullmann/hdd/research/engines/Urho3D/Source/Urho3D/Math/Vector4.h,1,9,10
/media/ullmann/hdd/research/engines/Urho3D/script/build/include/Urho3D/Core/Spline.h,5,3,8
/media/ullmann/hdd/research/engines/Urho3D/Source/ThirdParty/Lua/src/lgc.c,11,0,11
/media/ullmann/hdd/research/engines/Urho3D/Source/ThirdParty/SLikeNet/Source/slikenet/wstring.h,1,0,1
/media/ullmann/hdd/research/engines/Urho3D/Source/Urho3D/UI/FontFaceBitmap.h,1,3,4
/media/ullmann/hdd/research/engines/Urho3D/Source/Urho3D/IO/File.cpp,8,0,8
/media/ullmann/hdd/research/engines/Urho3D/Source/Tools/BindingGenerator/ASUtils.cpp,5,0,5
/media/ullmann/hdd/research/engines/Urho3D/Source/Urho3D/Graphics/ParticleEffect.cpp,10,0,10
/media/ullmann/hdd/research/engines/Urho3D/Source/ThirdParty/Bullet/src/BulletSoftBody/btDeformableMultiBodyDynamicsWorld.cpp,4,0,4
/media/ullmann/hdd/research/engines/Urho3D/Source/ThirdParty/Assimp/code/MaterialSystem.cpp,5,0,5
/media/ullmann/hdd/research/engines/Urho3D/Source/ThirdParty/SLikeNet/Source/slikenet/MessageIdentifiers.h,1,0,1
/media/ullmann/hdd/research/engines/Urho3D/Source/ThirdParty/SLikeNet/Source/include/slikenet/MessageIdentifiers.h,0,3,3
/media/ullmann/hdd/research/engines/Urho3D/Source/ThirdParty/LuaJIT/src/lib_math.c,6,1,7
/media/ullmann/hdd/research/engines/Urho3D/Source/ThirdParty/SLikeNet/Source/MessageIdentifiers.h,1,0,1
/media/ullmann/hdd/research/engines/Urho3D/Source/ThirdParty/Assimp/contrib/Open3DGC/o3dgcArithmeticCodec.cpp,1,0,1
/media/ullmann/hdd/research/engines/Urho3D/Source/ThirdParty/Assimp/code/IFF.h,1,1,2
/media/ullmann/hdd/research/engines/Urho3D/Source/ThirdParty/Bullet/src/BulletCollision/CollisionDispatch/btCollisionDispatcherMt.cpp,1,0,1
/media/ullmann/hdd/research/engines/Urho3D/Source/ThirdParty/Bullet/src/BulletCollision/CollisionDispatch/btCollisionDispatcherMt.h,0,1,1
/media/ullmann/hdd/research/engines/Urho3D/Source/ThirdParty/Assimp/code/SIBImporter.h,1,2,3
/media/ullmann/hdd/research/engines/Urho3D/Source/Urho3D/Navigation/Navigable.cpp,4,0,4
/media/ullmann/hdd/research/engines/Urho3D/Source/ThirdParty/SLikeNet/Source/ReplicaEnums.h,1,0,1
/media/ullmann/hdd/research/engines/Urho3D/Source/ThirdParty/SLikeNet/Source/include/slikenet/ReplicaEnums.h,0,2,2
/media/ullmann/hdd/research/engines/Urho3D/Source/ThirdParty/SLikeNet/Source/DynDNS.h,1,0,1
/media/ullmann/hdd/research/engines/Urho3D/Source/Urho3D/IO/Compression.cpp,6,0,6
/media/ullmann/hdd/research/engines/Urho3D/script/build/include/Urho3D/Audio/SoundSource.h,2,3,5
/media/ullmann/hdd/research/engines/Urho3D/Source/ThirdParty/SLikeNet/Source/PacketLogger.h,1,0,1
/media/ullmann/hdd/research/engines/Urho3D/script/build/include/Urho3D/UI/FontFace.h,2,3,5
/media/ullmann/hdd/research/engines/Urho3D/script/build/include/Urho3D/ThirdParty/rapidjson/fwd.h,1,0,1
/media/ullmann/hdd/research/engines/Urho3D/script/build/include/Urho3D/AngelScript/Manual_Input.h,1,1,2
/media/ullmann/hdd/research/engines/Urho3D/script/build/include/Urho3D/AngelScript/ScriptFile.h,4,0,4
/media/ullmann/hdd/research/engines/Urho3D/Source/ThirdParty/FreeType/src/gxvalid/gxvlcar.c,2,1,3
/media/ullmann/hdd/research/engines/Urho3D/Source/ThirdParty/SDL/src/video/SDL_bmp.c,2,0,2
/media/ullmann/hdd/research/engines/Urho3D/script/build/include/Urho3D/ThirdParty/ik/solver_jacobian_inverse.h,1,0,1
/media/ullmann/hdd/research/engines/Urho3D/Source/Urho3D/LuaScript/LuaScriptEventInvoker.cpp,5,0,5
/media/ullmann/hdd/research/engines/Urho3D/Source/ThirdParty/Bullet/src/BulletCollision/CollisionDispatch/btBox2dBox2dCollisionAlgorithm.cpp,1,0,1
/media/ullmann/hdd/research/engines/Urho3D/Source/ThirdParty/Bullet/src/BulletCollision/CollisionDispatch/btBox2dBox2dCollisionAlgorithm.h,0,1,1
/media/ullmann/hdd/research/engines/Urho3D/Source/ThirdParty/Bullet/src/BulletCollision/CollisionShapes/btConvexShape.cpp,8,0,8
/media/ullmann/hdd/research/engines/Urho3D/Source/ThirdParty/LuaJIT/src/lj_record.h,2,4,6
/media/ullmann/hdd/research/engines/Urho3D/Source/ThirdParty/Assimp/code/ScaleProcess.h,1,1,2
/media/ullmann/hdd/research/engines/Urho3D/Source/ThirdParty/Assimp/code/IRRShared.h,2,3,5
/media/ullmann/hdd/research/engines/Urho3D/Source/ThirdParty/SDL/include/SDL_surface.h,7,2,9
/media/ullmann/hdd/research/engines/Urho3D/Source/ThirdParty/SDL/src/thread/stdcpp/SDL_sysmutex.cpp,3,0,3
/media/ullmann/hdd/research/engines/Urho3D/Source/ThirdParty/SDL/src/thread/stdcpp/SDL_sysmutex_c.h,0,2,2
/media/ullmann/hdd/research/engines/Urho3D/Source/Urho3D/AngelScript/Script.cpp,14,0,14
/media/ullmann/hdd/research/engines/Urho3D/Source/ThirdParty/LuaJIT/src/lj_func.h,1,9,10
/media/ullmann/hdd/research/engines/Urho3D/include/Urho3D/ThirdParty/rapidjson/writer.h,8,1,9
/media/ullmann/hdd/research/engines/Urho3D/Source/ThirdParty/SDL/src/events/scancodes_xfree86.h,1,3,4
/media/ullmann/hdd/research/engines/Urho3D/include/Urho3D/ThirdParty/SDL/SDL_bits.h,3,0,3
/media/ullmann/hdd/research/engines/Urho3D/Source/ThirdParty/FreeType/src/sfnt/ttmtx.c,2,1,3
/media/ullmann/hdd/research/engines/Urho3D/Source/ThirdParty/SLikeNet/Source/src/UDPProxyCoordinator.cpp,9,0,9
/media/ullmann/hdd/research/engines/Urho3D/include/Urho3D/ThirdParty/slikenet/UDPForwarder.h,0,2,2
/media/ullmann/hdd/research/engines/Urho3D/Source/ThirdParty/SDL/src/joystick/windows/SDL_xinputjoystick_c.h,2,4,6
/media/ullmann/hdd/research/engines/Urho3D/Source/ThirdParty/Assimp/code/TriangulateProcess.h,1,2,3
/media/ullmann/hdd/research/engines/Urho3D/Source/Urho3D/Graphics/ParticleEmitter.h,1,3,4
/media/ullmann/hdd/research/engines/Urho3D/Source/Urho3D/Container/Allocator.h,2,2,4
/media/ullmann/hdd/research/engines/Urho3D/Source/ThirdParty/Bullet/src/LinearMath/btModifiedGramSchmidt.h,2,0,2
/media/ullmann/hdd/research/engines/Urho3D/Source/ThirdParty/Bullet/src/LinearMath/btReducedVector.h,3,2,5
/media/ullmann/hdd/research/engines/Urho3D/Source/ThirdParty/SDL/src/video/emscripten/SDL_emscriptenevents.h,1,2,3
/media/ullmann/hdd/research/engines/Urho3D/Source/ThirdParty/SDL/src/video/haiku/SDL_bevents.cc,2,0,2
/media/ullmann/hdd/research/engines/Urho3D/Source/ThirdParty/SDL/src/video/windows/SDL_windowswindow.h,2,4,6
/media/ullmann/hdd/research/engines/Urho3D/Source/ThirdParty/SLikeNet/Source/src/RakNetSocket2_Vita.cpp,1,1,2
/media/ullmann/hdd/research/engines/Urho3D/Source/Urho3D/Container/Str.cpp,3,0,3
/media/ullmann/hdd/research/engines/Urho3D/Source/ThirdParty/SDL/src/video/windows/SDL_windowsvideo.c,7,0,7
/media/ullmann/hdd/research/engines/Urho3D/Source/ThirdParty/SDL/src/video/windows/SDL_windowsframebuffer.h,1,1,2
/media/ullmann/hdd/research/engines/Urho3D/include/Urho3D/AngelScript/Generated_Members.h,3,0,3
/media/ullmann/hdd/research/engines/Urho3D/Source/ThirdParty/Assimp/code/StdOStreamLogStream.h,0,1,1
/media/ullmann/hdd/research/engines/Urho3D/Source/ThirdParty/SDL/src/audio/SDL_audiotypecvt.c,2,0,2
/media/ullmann/hdd/research/engines/Urho3D/Source/ThirdParty/SLikeNet/Source/src/FileOperations.cpp,5,0,5
/media/ullmann/hdd/research/engines/Urho3D/Source/ThirdParty/Box2D/src/dynamics/b2_chain_polygon_contact.cpp,5,0,5
/media/ullmann/hdd/research/engines/Urho3D/Source/ThirdParty/SLikeNet/Source/src/RakNetSocket2_WindowsStore8.cpp,4,1,5
/media/ullmann/hdd/research/engines/Urho3D/include/Urho3D/ThirdParty/SDL/SDL_main.h,3,1,4
/media/ullmann/hdd/research/engines/Urho3D/Source/ThirdParty/Assimp/code/LWOBLoader.cpp,1,0,1
/media/ullmann/hdd/research/engines/Urho3D/Source/ThirdParty/SDL/src/video/wayland/SDL_waylandmouse.c,6,0,6
/media/ullmann/hdd/research/engines/Urho3D/Source/ThirdParty/LuaJIT/src/lj_target_arm.h,0,1,1
/media/ullmann/hdd/research/engines/Urho3D/include/Urho3D/ThirdParty/rapidjson/stream.h,2,13,15
/media/ullmann/hdd/research/engines/Urho3D/Source/ThirdParty/SLikeNet/Source/src/ConsoleServer.cpp,7,0,7
/media/ullmann/hdd/research/engines/Urho3D/include/Urho3D/ThirdParty/SDL/SDL_syswm.h,7,0,7
/media/ullmann/hdd/research/engines/Urho3D/include/Urho3D/ThirdParty/SDL/SDL_egl.h,0,1,1
/media/ullmann/hdd/research/engines/Urho3D/Source/ThirdParty/Bullet/src/BulletDynamics/Dynamics/btSimpleDynamicsWorld.cpp,1,0,1
/media/ullmann/hdd/research/engines/Urho3D/Source/ThirdParty/Bullet/src/BulletDynamics/Dynamics/btSimpleDynamicsWorld.h,1,2,3
/media/ullmann/hdd/research/engines/Urho3D/Source/ThirdParty/AngelScript/source/as_scriptobject.cpp,4,0,4
/media/ullmann/hdd/research/engines/Urho3D/Source/ThirdParty/Assimp/include/assimp/Compiler/poppack1.h,0,8,8
/media/ullmann/hdd/research/engines/Urho3D/Source/Urho3D/AngelScript/Addons.h,4,4,8
/media/ullmann/hdd/research/engines/Urho3D/Source/ThirdParty/SDL/src/video/emscripten/SDL_emscriptenopengles.h,3,2,5
/media/ullmann/hdd/research/engines/Urho3D/Source/ThirdParty/SLikeNet/Source/src/RakWString.cpp,4,0,4
/media/ullmann/hdd/research/engines/Urho3D/Source/ThirdParty/Bullet/src/BulletCollision/CollisionShapes/btTriangleIndexVertexMaterialArray.cpp,1,0,1
/media/ullmann/hdd/research/engines/Urho3D/Source/ThirdParty/Bullet/src/BulletCollision/CollisionShapes/btTriangleIndexVertexMaterialArray.h,1,1,2
/media/ullmann/hdd/research/engines/Urho3D/script/build/include/Urho3D/IO/VectorBuffer.h,1,10,11
/media/ullmann/hdd/research/engines/Urho3D/Source/ThirdParty/FreeType/src/cache/ftccmap.c,3,1,4
/media/ullmann/hdd/research/engines/Urho3D/Source/ThirdParty/SLikeNet/Source/slikenet/UDPProxyCoordinator.h,1,0,1
/media/ullmann/hdd/research/engines/Urho3D/Source/Samples/Utilities2D/Sample2D.cpp,2,0,2
/media/ullmann/hdd/research/engines/Urho3D/Source/ThirdParty/Assimp/code/BlenderIntermediate.h,3,2,5
/media/ullmann/hdd/research/engines/Urho3D/Source/ThirdParty/Assimp/contrib/rapidjson/include/rapidjson/error/en.h,1,0,1
/media/ullmann/hdd/research/engines/Urho3D/Source/ThirdParty/Bullet/src/BulletDynamics/Dynamics/btDynamicsWorld.h,0,2,2
/media/ullmann/hdd/research/engines/Urho3D/Source/Urho3D/AngelScript/Manual_Math.h,2,2,4
/media/ullmann/hdd/research/engines/Urho3D/include/Urho3D/UI/Menu.h,1,2,3
/media/ullmann/hdd/research/engines/Urho3D/include/Urho3D/UI/Button.h,1,2,3
/media/ullmann/hdd/research/engines/Urho3D/Source/ThirdParty/SLikeNet/Source/include/slikenet/DS_BinarySearchTree.h,3,2,5
/media/ullmann/hdd/research/engines/Urho3D/Source/ThirdParty/Bullet/src/BulletDynamics/Featherstone/btMultiBodyConstraintSolver.cpp,3,0,3
/media/ullmann/hdd/research/engines/Urho3D/include/Urho3D/Graphics/DrawableEvents.h,1,0,1
/media/ullmann/hdd/research/engines/Urho3D/include/Urho3D/Graphics/BillboardSet.h,5,2,7
/media/ullmann/hdd/research/engines/Urho3D/Source/ThirdParty/Bullet/src/BulletCollision/CollisionShapes/btStridingMeshInterface.h,2,5,7
/media/ullmann/hdd/research/engines/Urho3D/Source/ThirdParty/rapidjson/include/rapidjson/memorystream.h,1,2,3
/media/ullmann/hdd/research/engines/Urho3D/Source/ThirdParty/FreeType/src/base/fttrigon.c,0,1,1
/media/ullmann/hdd/research/engines/Urho3D/Source/ThirdParty/SDL/src/timer/dummy/SDL_systimer.c,1,0,1
/media/ullmann/hdd/research/engines/Urho3D/Source/ThirdParty/FreeType/src/cache/ftcsbits.c,3,1,4
/media/ullmann/hdd/research/engines/Urho3D/Source/Urho3D/Graphics/Tangent.h,1,3,4
/media/ullmann/hdd/research/engines/Urho3D/Source/Samples/02_HelloGUI/HelloGUI.cpp,1,0,1
/media/ullmann/hdd/research/engines/Urho3D/Source/Samples/02_HelloGUI/HelloGUI.h,1,1,2
/media/ullmann/hdd/research/engines/Urho3D/include/Urho3D/ThirdParty/SDL/SDL_error.h,3,19,22
/media/ullmann/hdd/research/engines/Urho3D/include/Urho3D/IO/Log.h,4,2,6
/media/ullmann/hdd/research/engines/Urho3D/Source/ThirdParty/Bullet/src/BulletCollision/CollisionDispatch/btHashedSimplePairCache.cpp,1,0,1
/media/ullmann/hdd/research/engines/Urho3D/Source/ThirdParty/Bullet/src/BulletCollision/CollisionDispatch/btHashedSimplePairCache.h,0,1,1
/media/ullmann/hdd/research/engines/Urho3D/Source/ThirdParty/ik/src/chain_tree.c,7,0,7
/media/ullmann/hdd/research/engines/Urho3D/Source/ThirdParty/SLikeNet/Source/include/slikenet/FileOperations.h,2,2,4
/media/ullmann/hdd/research/engines/Urho3D/script/build/include/Urho3D/Audio/SoundStream.h,1,3,4
/media/ullmann/hdd/research/engines/Urho3D/Source/ThirdParty/ik/include/ik/solver_MSD.h,2,0,2
/media/ullmann/hdd/research/engines/Urho3D/Source/ThirdParty/SLikeNet/Source/slikenet/FormatString.h,1,0,1
/media/ullmann/hdd/research/engines/Urho3D/Source/ThirdParty/SDL/include/SDL_version.h,3,2,5
/media/ullmann/hdd/research/engines/Urho3D/Source/ThirdParty/Lua/src/lua.c,3,0,3
/media/ullmann/hdd/research/engines/Urho3D/Source/ThirdParty/SDL/src/libm/e_fmod.c,2,0,2
/media/ullmann/hdd/research/engines/Urho3D/Source/ThirdParty/WebP/src/demux/anim_decode.c,3,0,3
/media/ullmann/hdd/research/engines/Urho3D/Source/ThirdParty/WebP/src/webp/demux.h,2,2,4
/media/ullmann/hdd/research/engines/Urho3D/Source/ThirdParty/SLikeNet/Source/slikenet/EmptyHeader.h,1,0,1
/media/ullmann/hdd/research/engines/Urho3D/Source/ThirdParty/SLikeNet/Source/include/slikenet/EmptyHeader.h,0,2,2
/media/ullmann/hdd/research/engines/Urho3D/Source/ThirdParty/Bullet/src/BulletDynamics/MLCPSolvers/btLemkeSolver.h,2,0,2
/media/ullmann/hdd/research/engines/Urho3D/Source/ThirdParty/Bullet/src/BulletDynamics/MLCPSolvers/btLemkeAlgorithm.h,0,2,2
/media/ullmann/hdd/research/engines/Urho3D/Source/ThirdParty/SDL/src/video/directfb/SDL_DirectFB_opengl.c,4,0,4
/media/ullmann/hdd/research/engines/Urho3D/Source/ThirdParty/Box2D/include/box2d/b2_chain_shape.h,2,1,3
/media/ullmann/hdd/research/engines/Urho3D/Source/ThirdParty/Bullet/src/BulletCollision/Gimpact/gim_bitset.h,1,0,1
/media/ullmann/hdd/research/engines/Urho3D/Source/ThirdParty/Bullet/src/BulletCollision/Gimpact/gim_array.h,1,3,4
/media/ullmann/hdd/research/engines/Urho3D/Source/ThirdParty/SDL/src/events/SDL_displayevents.c,2,0,2
/media/ullmann/hdd/research/engines/Urho3D/Source/ThirdParty/Assimp/contrib/Open3DGC/o3dgcTriangleFans.h,3,3,6
/media/ullmann/hdd/research/engines/Urho3D/Source/ThirdParty/Assimp/contrib/Open3DGC/o3dgcVector.h,2,2,4
/media/ullmann/hdd/research/engines/Urho3D/include/Urho3D/Urho2D/Drawable2D.h,3,4,7
/media/ullmann/hdd/research/engines/Urho3D/Source/ThirdParty/SDL/src/thread/windows/SDL_systhread.c,4,0,4
/media/ullmann/hdd/research/engines/Urho3D/Source/ThirdParty/SDL/src/joystick/hidapi/SDL_hidapi_xbox360.c,5,0,5
/media/ullmann/hdd/research/engines/Urho3D/Source/ThirdParty/SDL/src/stdlib/SDL_getenv.c,3,0,3
/media/ullmann/hdd/research/engines/Urho3D/Source/ThirdParty/Lua/src/lstrlib.c,3,0,3
/media/ullmann/hdd/research/engines/Urho3D/Source/ThirdParty/SDL/src/video/android/SDL_androidwindow.c,8,0,8
/media/ullmann/hdd/research/engines/Urho3D/Source/ThirdParty/Assimp/code/AMFImporter.cpp,3,0,3
/media/ullmann/hdd/research/engines/Urho3D/Source/ThirdParty/WebP/src/utils/bit_reader_utils.h,1,3,4
/media/ullmann/hdd/research/engines/Urho3D/Source/ThirdParty/SLikeNet/Source/include/slikenet/RPC4Plugin.h,9,2,11
/media/ullmann/hdd/research/engines/Urho3D/Source/Urho3D/UI/Button.cpp,7,0,7
/media/ullmann/hdd/research/engines/Urho3D/Source/ThirdParty/Bullet/src/BulletCollision/CollisionShapes/btPolyhedralConvexShape.h,1,5,6
/media/ullmann/hdd/research/engines/Urho3D/Source/ThirdParty/FreeType/src/cff/cffdrivr.c,7,1,8
/media/ullmann/hdd/research/engines/Urho3D/Source/ThirdParty/WebP/src/dsp/rescaler.c,2,0,2
/media/ullmann/hdd/research/engines/Urho3D/Source/ThirdParty/SDL/src/video/windows/SDL_windowsshape.h,3,3,6
/media/ullmann/hdd/research/engines/Urho3D/Source/Urho3D/Core/Object.cpp,7,0,7
/media/ullmann/hdd/research/engines/Urho3D/Source/ThirdParty/WebP/src/utils/huffman_encode_utils.c,3,0,3
/media/ullmann/hdd/research/engines/Urho3D/Source/Samples/13_Ragdolls/CreateRagdoll.cpp,1,0,1
/media/ullmann/hdd/research/engines/Urho3D/Source/Samples/13_Ragdolls/CreateRagdoll.h,0,2,2
/media/ullmann/hdd/research/engines/Urho3D/Source/ThirdParty/Box2D/src/dynamics/b2_gear_joint.cpp,5,0,5
/media/ullmann/hdd/research/engines/Urho3D/include/Urho3D/ThirdParty/box2d/b2_gear_joint.h,0,2,2
/media/ullmann/hdd/research/engines/Urho3D/Source/ThirdParty/Lua/src/lmathlib.c,3,0,3
/media/ullmann/hdd/research/engines/Urho3D/script/build/include/Urho3D/ThirdParty/SDL/SDL_touch.h,5,2,7
/media/ullmann/hdd/research/engines/Urho3D/Source/ThirdParty/SDL/src/video/directfb/SDL_DirectFB_video.c,14,0,14
/media/ullmann/hdd/research/engines/Urho3D/Source/ThirdParty/SDL/src/events/SDL_windowevents.c,3,0,3
/media/ullmann/hdd/research/engines/Urho3D/include/Urho3D/Physics2D/CollisionBox2D.h,1,1,2
/media/ullmann/hdd/research/engines/Urho3D/Source/Urho3D/Physics/RigidBody.h,2,8,10
/media/ullmann/hdd/research/engines/Urho3D/Source/ThirdParty/FreeType/src/cff/cf2error.c,2,1,3
/media/ullmann/hdd/research/engines/Urho3D/Source/Urho3D/Graphics/AnimationController.h,3,4,7
/media/ullmann/hdd/research/engines/Urho3D/Source/ThirdParty/Bullet/src/BulletCollision/Gimpact/gim_geometry.h,4,1,5
/media/ullmann/hdd/research/engines/Urho3D/Source/ThirdParty/Bullet/src/BulletCollision/Gimpact/gim_basic_geometry_operations.h,1,2,3
/media/ullmann/hdd/research/engines/Urho3D/Source/ThirdParty/SDL/src/video/wayland/SDL_waylandvulkan.h,3,2,5
/media/ullmann/hdd/research/engines/Urho3D/Source/ThirdParty/FreeType/src/cid/cidgload.c,3,1,4
/media/ullmann/hdd/research/engines/Urho3D/Source/ThirdParty/Bullet/src/BulletSoftBody/btSoftRigidCollisionAlgorithm.h,0,2,2
/media/ullmann/hdd/research/engines/Urho3D/Source/ThirdParty/LuaJIT/src/lj_obj.c,1,1,2
/media/ullmann/hdd/research/engines/Urho3D/Source/ThirdParty/Assimp/code/OptimizeGraph.h,2,2,4
/media/ullmann/hdd/research/engines/Urho3D/script/build/include/Urho3D/AngelScript/Manual.h,13,1,14
/media/ullmann/hdd/research/engines/Urho3D/Source/Samples/43_HttpRequestDemo/HttpRequestDemo.cpp,1,0,1
/media/ullmann/hdd/research/engines/Urho3D/Source/Samples/43_HttpRequestDemo/HttpRequestDemo.h,1,1,2
/media/ullmann/hdd/research/engines/Urho3D/script/build/include/Urho3D/UI/UISelectable.h,2,2,4
/media/ullmann/hdd/research/engines/Urho3D/Source/Urho3D/Core/Spline.h,5,5,10
/media/ullmann/hdd/research/engines/Urho3D/Source/ThirdParty/FreeType/src/gxvalid/gxvmort1.c,1,1,2
/media/ullmann/hdd/research/engines/Urho3D/Source/ThirdParty/Civetweb/src/handle_form.inl,0,1,1
/media/ullmann/hdd/research/engines/Urho3D/Source/Samples/53_LANDiscovery/LANDiscovery.h,1,1,2
/media/ullmann/hdd/research/engines/Urho3D/Source/ThirdParty/Assimp/contrib/rapidjson/include/rapidjson/internal/ieee754.h,1,2,3
/media/ullmann/hdd/research/engines/Urho3D/Source/Samples/30_LightAnimation/LightAnimation.h,1,1,2
/media/ullmann/hdd/research/engines/Urho3D/Source/Urho3D/Core/WorkQueue.cpp,6,0,6
/media/ullmann/hdd/research/engines/Urho3D/Source/ThirdParty/SDL/src/video/raspberry/SDL_rpimouse.h,1,2,3
/media/ullmann/hdd/research/engines/Urho3D/script/build/include/Urho3D/ThirdParty/SDL/SDL_hints.h,3,1,4
/media/ullmann/hdd/research/engines/Urho3D/include/Urho3D/ThirdParty/SDL/SDL_messagebox.h,4,1,5
/media/ullmann/hdd/research/engines/Urho3D/script/build/include/Urho3D/UI/ScrollBar.h,1,1,2
/media/ullmann/hdd/research/engines/Urho3D/Source/Tools/BindingGenerator/XmlSourceData.cpp,3,0,3
/media/ullmann/hdd/research/engines/Urho3D/Source/ThirdParty/SLikeNet/Source/include/slikenet/ReplicaManager3.h,9,2,11
/media/ullmann/hdd/research/engines/Urho3D/Source/ThirdParty/Assimp/contrib/Open3DGC/o3dgcIndexedFaceSet.inl,0,1,1
/media/ullmann/hdd/research/engines/Urho3D/Source/ThirdParty/Box2D/src/dynamics/b2_contact_solver.h,3,4,7
/media/ullmann/hdd/research/engines/Urho3D/include/Urho3D/ThirdParty/box2d/b2_collision.h,0,9,9
/media/ullmann/hdd/research/engines/Urho3D/Source/ThirdParty/Bullet/src/BulletCollision/NarrowPhaseCollision/btContinuousConvexCollision.cpp,3,0,3
/media/ullmann/hdd/research/engines/Urho3D/script/build/include/Urho3D/LuaScript/LuaFunction.h,1,0,1
/media/ullmann/hdd/research/engines/Urho3D/Source/ThirdParty/Assimp/contrib/poly2tri/poly2tri/sweep/sweep_context.cc,2,0,2
/media/ullmann/hdd/research/engines/Urho3D/Source/ThirdParty/Assimp/contrib/poly2tri/poly2tri/sweep/sweep_context.h,0,3,3
/media/ullmann/hdd/research/engines/Urho3D/Source/ThirdParty/SDL/src/video/directfb/SDL_DirectFB_shape.h,1,4,5
/media/ullmann/hdd/research/engines/Urho3D/script/build/include/Urho3D/GraphicsAPI/Texture2DArray.h,3,1,4
/media/ullmann/hdd/research/engines/Urho3D/Source/ThirdParty/SDL/src/video/kmsdrm/SDL_kmsdrmdyn.h,2,4,6
/media/ullmann/hdd/research/engines/Urho3D/include/Urho3D/ThirdParty/slikenet/WindowsIncludes.h,0,8,8
/media/ullmann/hdd/research/engines/Urho3D/script/build/include/Urho3D/AngelScript/Generated_Members.h,3,0,3
/media/ullmann/hdd/research/engines/Urho3D/Source/ThirdParty/WebP/src/dsp/dec_mips32.c,2,0,2
/media/ullmann/hdd/research/engines/Urho3D/Source/ThirdParty/WebP/src/dsp/mips_macro.h,0,4,4
/media/ullmann/hdd/research/engines/Urho3D/Source/ThirdParty/SLikeNet/Source/include/slikenet/WindowsIncludes.h,0,9,9
/media/ullmann/hdd/research/engines/Urho3D/Source/ThirdParty/WebP/src/utils/random_utils.h,1,3,4
/media/ullmann/hdd/research/engines/Urho3D/Source/ThirdParty/SDL/src/video/SDL_blit_A.c,2,0,2
/media/ullmann/hdd/research/engines/Urho3D/Source/ThirdParty/toluapp/src/lib/tolua_map.c,1,0,1
/media/ullmann/hdd/research/engines/Urho3D/Source/ThirdParty/toluapp/src/lib/tolua_event.h,0,1,1
/media/ullmann/hdd/research/engines/Urho3D/script/build/include/Urho3D/LuaScript/LuaScriptInstance.h,2,0,2
/media/ullmann/hdd/research/engines/Urho3D/Source/ThirdParty/Assimp/code/FBXConverter.h,0,2,2
/media/ullmann/hdd/research/engines/Urho3D/Source/ThirdParty/FreeType/src/cff/cf2font.h,3,6,9
/media/ullmann/hdd/research/engines/Urho3D/Source/ThirdParty/Bullet/src/BulletCollision/NarrowPhaseCollision/btMinkowskiPenetrationDepthSolver.h,1,1,2
/media/ullmann/hdd/research/engines/Urho3D/Source/ThirdParty/Bullet/src/BulletCollision/NarrowPhaseCollision/btConvexPenetrationDepthSolver.h,1,2,3
/media/ullmann/hdd/research/engines/Urho3D/Source/ThirdParty/WebP/src/dsp/lossless_enc_mips32.c,3,0,3
/media/ullmann/hdd/research/engines/Urho3D/Source/Urho3D/AngelScript/Manual_Network.cpp,3,0,3
/media/ullmann/hdd/research/engines/Urho3D/include/Urho3D/Precompiled.h,4,1,5
/media/ullmann/hdd/research/engines/Urho3D/Source/ThirdParty/SDL/src/video/nacl/SDL_naclopengles.c,2,0,2
/media/ullmann/hdd/research/engines/Urho3D/Source/Urho3D/Resource/PListFile.cpp,7,0,7
/media/ullmann/hdd/research/engines/Urho3D/script/build/include/Urho3D/ThirdParty/rapidjson/allocators.h,2,3,5
/media/ullmann/hdd/research/engines/Urho3D/Source/Samples/99_Benchmark/AppState_ResultScreen.cpp,2,0,2
/media/ullmann/hdd/research/engines/Urho3D/Source/Samples/99_Benchmark/AppState_ResultScreen.h,1,2,3
/media/ullmann/hdd/research/engines/Urho3D/script/build/include/Urho3D/ThirdParty/ik/ik.h,3,0,3
/media/ullmann/hdd/research/engines/Urho3D/script/build/include/Urho3D/Math/Vector2.h,2,8,10
/media/ullmann/hdd/research/engines/Urho3D/Source/ThirdParty/SDL/src/filesystem/nacl/SDL_sysfilesystem.c,1,0,1
/media/ullmann/hdd/research/engines/Urho3D/script/build/include/Urho3D/Core/Condition.h,1,1,2
/media/ullmann/hdd/research/engines/Urho3D/Source/ThirdParty/SLikeNet/Source/include/slikenet/SecureHandshake.h,1,4,5
/media/ullmann/hdd/research/engines/Urho3D/Source/ThirdParty/Assimp/code/X3DImporter_Geometry3D.cpp,3,0,3
/media/ullmann/hdd/research/engines/Urho3D/Source/ThirdParty/WebP/src/dsp/lossless_sse2.c,4,0,4
/media/ullmann/hdd/research/engines/Urho3D/Source/ThirdParty/WebP/src/dsp/alpha_processing_neon.c,2,0,2
/media/ullmann/hdd/research/engines/Urho3D/Source/ThirdParty/SDL/src/video/vivante/SDL_vivanteopengles.c,3,0,3
/media/ullmann/hdd/research/engines/Urho3D/Source/ThirdParty/SDL/src/video/vivante/SDL_vivanteopengles.h,3,2,5
/media/ullmann/hdd/research/engines/Urho3D/script/build/include/Urho3D/Core/StringUtils.h,1,2,3
/media/ullmann/hdd/research/engines/Urho3D/include/Urho3D/ThirdParty/rapidjson/internal/itoa.h,1,3,4
/media/ullmann/hdd/research/engines/Urho3D/Source/ThirdParty/SLikeNet/Source/src/RakNetSocket2_Berkley.cpp,2,1,3
/media/ullmann/hdd/research/engines/Urho3D/Source/ThirdParty/Assimp/code/FBXImporter.cpp,8,0,8
/media/ullmann/hdd/research/engines/Urho3D/Source/Urho3D/Graphics/Octree.h,3,14,17
/media/ullmann/hdd/research/engines/Urho3D/Source/ThirdParty/SDL/src/video/khronos/vulkan/vulkan_xlib_xrandr.h,0,1,1
/media/ullmann/hdd/research/engines/Urho3D/include/Urho3D/AngelScript/Manual_Math.h,2,1,3
/media/ullmann/hdd/research/engines/Urho3D/Source/ThirdParty/FreeType/src/autofit/afdummy.h,1,2,3
/media/ullmann/hdd/research/engines/Urho3D/Source/ThirdParty/SDL/src/hidapi/android/hid.cpp,1,0,1
/media/ullmann/hdd/research/engines/Urho3D/script/build/include/Urho3D/ThirdParty/SDL/SDL_cpuinfo.h,3,1,4
/media/ullmann/hdd/research/engines/Urho3D/Source/ThirdParty/Bullet/src/BulletCollision/NarrowPhaseCollision/btComputeGjkEpaPenetration.h,2,0,2
/media/ullmann/hdd/research/engines/Urho3D/Source/ThirdParty/Bullet/src/BulletCollision/NarrowPhaseCollision/btGjkEpa3.h,1,1,2
/media/ullmann/hdd/research/engines/Urho3D/Source/Samples/34_DynamicGeometry/DynamicGeometry.cpp,1,0,1
/media/ullmann/hdd/research/engines/Urho3D/include/Urho3D/IO/AbstractFile.h,2,5,7
/media/ullmann/hdd/research/engines/Urho3D/Source/ThirdParty/Assimp/code/ObjTools.h,2,2,4
/media/ullmann/hdd/research/engines/Urho3D/Source/ThirdParty/WebP/src/dsp/upsampling_neon.c,3,0,3
/media/ullmann/hdd/research/engines/Urho3D/Source/ThirdParty/Assimp/code/FBXDeformer.cpp,4,0,4
/media/ullmann/hdd/research/engines/Urho3D/Source/ThirdParty/WebP/src/utils/color_cache_utils.c,2,0,2
/media/ullmann/hdd/research/engines/Urho3D/include/Urho3D/Physics2D/ConstraintMotor2D.h,1,1,2
/media/ullmann/hdd/research/engines/Urho3D/Source/ThirdParty/SLikeNet/Source/include/slikenet/ThreadsafePacketLogger.h,3,2,5
/media/ullmann/hdd/research/engines/Urho3D/Source/ThirdParty/LuaJIT/src/lj_bcwrite.c,10,1,11
/media/ullmann/hdd/research/engines/Urho3D/script/build/include/Urho3D/Resource/ResourceCache.h,4,2,6
/media/ullmann/hdd/research/engines/Urho3D/Source/ThirdParty/AngelScript/source/as_variablescope.h,4,2,6
/media/ullmann/hdd/research/engines/Urho3D/Source/ThirdParty/WebP/src/utils/huffman_utils.c,3,0,3
/media/ullmann/hdd/research/engines/Urho3D/Source/Urho3D/Math/Random.h,2,3,5
/media/ullmann/hdd/research/engines/Urho3D/script/build/include/Urho3D/ThirdParty/ik/quat.h,2,0,2
/media/ullmann/hdd/research/engines/Urho3D/include/Urho3D/UI/ListView.h,2,2,4
/media/ullmann/hdd/research/engines/Urho3D/script/build/include/Urho3D/Resource/JSONFile.h,2,2,4
/media/ullmann/hdd/research/engines/Urho3D/Source/ThirdParty/SLikeNet/Source/slikenet/UDPForwarder.h,1,0,1
/media/ullmann/hdd/research/engines/Urho3D/script/build/include/Urho3D/UI/Menu.h,1,2,3
/media/ullmann/hdd/research/engines/Urho3D/Source/ThirdParty/Assimp/include/assimp/IOSystem.hpp,1,1,2
/media/ullmann/hdd/research/engines/Urho3D/Source/ThirdParty/WebP/src/enc/backward_references_enc.h,2,6,8
/media/ullmann/hdd/research/engines/Urho3D/Source/ThirdParty/SDL/src/timer/unix/SDL_systimer.c,2,0,2
/media/ullmann/hdd/research/engines/Urho3D/Source/ThirdParty/SDL/src/timer/SDL_timer_c.h,1,6,7
/media/ullmann/hdd/research/engines/Urho3D/Source/Samples/23_Water/Water.h,1,1,2
/media/ullmann/hdd/research/engines/Urho3D/Source/ThirdParty/WebP/src/dsp/upsampling_sse2.c,2,0,2
/media/ullmann/hdd/research/engines/Urho3D/Source/ThirdParty/SDL/src/video/windows/SDL_msctf.h,0,1,1
/media/ullmann/hdd/research/engines/Urho3D/include/Urho3D/LuaScript/LuaScript.h,3,0,3
/media/ullmann/hdd/research/engines/Urho3D/Source/Urho3D/Core/Timer.cpp,4,0,4
/media/ullmann/hdd/research/engines/Urho3D/Source/ThirdParty/Lua/src/print.c,4,0,4
/media/ullmann/hdd/research/engines/Urho3D/Source/ThirdParty/FreeType/src/cid/cidload.c,3,1,4
/media/ullmann/hdd/research/engines/Urho3D/Source/ThirdParty/FreeType/src/cid/cidtoken.h,0,1,1
/media/ullmann/hdd/research/engines/Urho3D/Source/ThirdParty/SLikeNet/Source/slikenet/CloudServer.h,1,0,1
/media/ullmann/hdd/research/engines/Urho3D/Source/ThirdParty/Box2D/src/dynamics/b2_friction_joint.cpp,3,0,3
/media/ullmann/hdd/research/engines/Urho3D/include/Urho3D/ThirdParty/slikenet/Rackspace.h,0,1,1
/media/ullmann/hdd/research/engines/Urho3D/Source/ThirdParty/FreeType/src/psnames/pstables.h,0,1,1
/media/ullmann/hdd/research/engines/Urho3D/Source/ThirdParty/Assimp/code/IRRMeshLoader.cpp,4,0,4
/media/ullmann/hdd/research/engines/Urho3D/include/Urho3D/Resource/Localization.h,2,1,3
/media/ullmann/hdd/research/engines/Urho3D/Source/ThirdParty/Bullet/src/BulletSoftBody/DeformableBodyInplaceSolverIslandCallback.h,0,1,1
/media/ullmann/hdd/research/engines/Urho3D/Source/ThirdParty/LuaJIT/src/lj_gdbjit.c,9,1,10
/media/ullmann/hdd/research/engines/Urho3D/Source/ThirdParty/SDL/src/video/kmsdrm/SDL_kmsdrmvideo.c,10,0,10
/media/ullmann/hdd/research/engines/Urho3D/Source/ThirdParty/SDL/src/video/kmsdrm/SDL_kmsdrmevents.h,1,2,3
/media/ullmann/hdd/research/engines/Urho3D/Source/ThirdParty/WebP/src/dsp/lossless_enc_msa.c,3,0,3
/media/ullmann/hdd/research/engines/Urho3D/Source/ThirdParty/Assimp/contrib/Open3DGC/o3dgcDynamicVector.h,1,2,3
/media/ullmann/hdd/research/engines/Urho3D/Source/ThirdParty/SDL/src/render/software/SDL_rotate.h,0,2,2
/media/ullmann/hdd/research/engines/Urho3D/script/build/include/Urho3D/GraphicsAPI/Direct3D9/D3D9GraphicsImpl.h,3,1,4
/media/ullmann/hdd/research/engines/Urho3D/script/build/include/Urho3D/GraphicsAPI/Direct3D9/D3D9ShaderProgram.h,2,1,3
/media/ullmann/hdd/research/engines/Urho3D/Source/ThirdParty/SLikeNet/Source/src/CloudServer.cpp,6,0,6
/media/ullmann/hdd/research/engines/Urho3D/include/Urho3D/ThirdParty/slikenet/CloudServer.h,0,1,1
/media/ullmann/hdd/research/engines/Urho3D/Source/ThirdParty/FreeType/src/autofit/afglobal.c,8,1,9
/media/ullmann/hdd/research/engines/Urho3D/Source/Urho3D/GraphicsAPI/Direct3D9/D3D9TextureCube.cpp,13,0,13
/media/ullmann/hdd/research/engines/Urho3D/Source/ThirdParty/SLikeNet/Source/include/slikenet/ReadyEvent.h,3,2,5
/media/ullmann/hdd/research/engines/Urho3D/Source/ThirdParty/SDL/src/video/android/SDL_androidvulkan.h,3,2,5
/media/ullmann/hdd/research/engines/Urho3D/Source/ThirdParty/LibCpuId/src/recog_amd.h,0,2,2
/media/ullmann/hdd/research/engines/Urho3D/Source/Tools/BindingGenerator/ASEnumBinder.cpp,6,0,6
/media/ullmann/hdd/research/engines/Urho3D/script/build/include/Urho3D/Container/ListBase.h,3,2,5
/media/ullmann/hdd/research/engines/Urho3D/include/Urho3D/IO/NamedPipe.h,3,2,5
/media/ullmann/hdd/research/engines/Urho3D/Source/ThirdParty/SDL/src/thread/pthread/SDL_systls.c,3,0,3
/media/ullmann/hdd/research/engines/Urho3D/Source/ThirdParty/SDL/src/video/yuv2rgb/yuv_rgb.h,0,2,2
/media/ullmann/hdd/research/engines/Urho3D/Source/Urho3D/Resource/JSONValue.cpp,6,0,6
/media/ullmann/hdd/research/engines/Urho3D/Source/ThirdParty/SLikeNet/Source/src/RakNetSocket2_PS4.cpp,1,1,2
/media/ullmann/hdd/research/engines/Urho3D/Source/ThirdParty/SDL/include/SDL_opengles2.h,4,0,4
/media/ullmann/hdd/research/engines/Urho3D/Source/ThirdParty/SDL/include/SDL_opengles2_gl2.h,0,1,1
/media/ullmann/hdd/research/engines/Urho3D/Source/ThirdParty/FreeType/src/gzip/inftrees.h,0,5,5
/media/ullmann/hdd/research/engines/Urho3D/Source/ThirdParty/SDL/src/joystick/windows/SDL_dinputjoystick_c.h,1,2,3
/media/ullmann/hdd/research/engines/Urho3D/Source/ThirdParty/Assimp/contrib/utf8cpp/source/utf8/unchecked.h,1,1,2
/media/ullmann/hdd/research/engines/Urho3D/Source/ThirdParty/Assimp/contrib/utf8cpp/source/utf8/core.h,0,2,2
/media/ullmann/hdd/research/engines/Urho3D/Source/Urho3D/Physics/RaycastVehicle.h,3,4,7
/media/ullmann/hdd/research/engines/Urho3D/Source/ThirdParty/WebP/src/utils/filters_utils.h,2,3,5
/media/ullmann/hdd/research/engines/Urho3D/Source/ThirdParty/FreeType/src/pcf/pcfread.h,0,2,2
/media/ullmann/hdd/research/engines/Urho3D/Source/ThirdParty/PugiXml/src/pugixml.hpp,1,1,2
/media/ullmann/hdd/research/engines/Urho3D/Source/ThirdParty/PugiXml/src/pugiconfig.hpp,0,1,1
/media/ullmann/hdd/research/engines/Urho3D/Source/ThirdParty/SLikeNet/Source/include/slikenet/UDPProxyServer.h,6,2,8
/media/ullmann/hdd/research/engines/Urho3D/Source/Urho3D/Physics2D/PhysicsEvents2D.h,2,1,3
/media/ullmann/hdd/research/engines/Urho3D/Source/ThirdParty/AngelScript/source/as_scriptfunction.cpp,10,0,10
/media/ullmann/hdd/research/engines/Urho3D/Source/ThirdParty/FreeType/src/sfnt/sfntpic.h,2,3,5
/media/ullmann/hdd/research/engines/Urho3D/include/Urho3D/Math/AreaAllocator.h,1,2,3
/media/ullmann/hdd/research/engines/Urho3D/Source/ThirdParty/Bullet/src/BulletCollision/CollisionShapes/btTriangleShape.h,2,1,3
/media/ullmann/hdd/research/engines/Urho3D/Source/ThirdParty/FreeType/src/cff/cf2ft.c,3,1,4
/media/ullmann/hdd/research/engines/Urho3D/Source/ThirdParty/SLikeNet/Source/include/slikenet/NativeFeatureIncludesOverrides.h,0,3,3
/media/ullmann/hdd/research/engines/Urho3D/Source/ThirdParty/AngelScript/source/as_scriptcode.cpp,2,0,2
/media/ullmann/hdd/research/engines/Urho3D/Source/ThirdParty/AngelScript/source/as_scriptcode.h,2,4,6
/media/ullmann/hdd/research/engines/Urho3D/Source/ThirdParty/WebP/src/enc/picture_csp_enc.c,6,0,6
/media/ullmann/hdd/research/engines/Urho3D/Source/ThirdParty/FreeType/src/gzip/zlib.h,1,3,4
/media/ullmann/hdd/research/engines/Urho3D/Source/ThirdParty/Bullet/src/BulletCollision/CollisionShapes/btConvexHullShape.cpp,2,0,2
/media/ullmann/hdd/research/engines/Urho3D/Source/ThirdParty/Bullet/src/BulletCollision/CollisionShapes/btConvexPolyhedron.h,0,3,3
/media/ullmann/hdd/research/engines/Urho3D/Source/ThirdParty/SDL/src/video/android/SDL_androidmessagebox.h,1,2,3
/media/ullmann/hdd/research/engines/Urho3D/Source/Samples/17_SceneReplication/SceneReplication.cpp,1,0,1
/media/ullmann/hdd/research/engines/Urho3D/Source/ThirdParty/SDL/src/video/android/SDL_androidtouch.h,2,3,5
/media/ullmann/hdd/research/engines/Urho3D/include/Urho3D/Scene/LogicComponent.h,2,2,4
/media/ullmann/hdd/research/engines/Urho3D/Source/ThirdParty/FreeType/src/autofit/afloader.c,6,1,7
/media/ullmann/hdd/research/engines/Urho3D/Source/ThirdParty/SDL/include/SDL_power.h,3,1,4
/media/ullmann/hdd/research/engines/Urho3D/Source/ThirdParty/SDL/src/core/winrt/SDL_winrtapp_common.h,0,3,3
/media/ullmann/hdd/research/engines/Urho3D/Source/ThirdParty/SDL/src/libm/s_cos.c,2,0,2
/media/ullmann/hdd/research/engines/Urho3D/Source/ThirdParty/Assimp/contrib/rapidjson/include/rapidjson/filewritestream.h,1,0,1
/media/ullmann/hdd/research/engines/Urho3D/Source/ThirdParty/Bullet/src/BulletCollision/Gimpact/btGImpactBvh.cpp,1,0,1
/media/ullmann/hdd/research/engines/Urho3D/Source/ThirdParty/Bullet/src/BulletCollision/Gimpact/btGImpactBvh.h,3,3,6
/media/ullmann/hdd/research/engines/Urho3D/include/Urho3D/Scene/SceneEvents.h,1,0,1
/media/ullmann/hdd/research/engines/Urho3D/Source/ThirdParty/SLikeNet/Source/src/RakNetSocket2_PS3_PS4.cpp,1,1,2
/media/ullmann/hdd/research/engines/Urho3D/script/build/include/Urho3D/Math/Vector4.h,1,7,8
/media/ullmann/hdd/research/engines/Urho3D/Source/ThirdParty/Bullet/src/BulletCollision/Gimpact/btCompoundFromGimpact.h,1,0,1
/media/ullmann/hdd/research/engines/Urho3D/Source/ThirdParty/Bullet/src/BulletCollision/Gimpact/btGImpactShape.h,1,3,4
/media/ullmann/hdd/research/engines/Urho3D/Source/Urho3D/UI/View3D.h,1,3,4
/media/ullmann/hdd/research/engines/Urho3D/Source/Samples/28_Physics2DRope/Urho2DPhysicsRope.cpp,1,0,1
/media/ullmann/hdd/research/engines/Urho3D/Source/Samples/28_Physics2DRope/Urho2DPhysicsRope.h,1,1,2
/media/ullmann/hdd/research/engines/Urho3D/include/Urho3D/GraphicsAPI/Texture2DArray.h,3,1,4
/media/ullmann/hdd/research/engines/Urho3D/include/Urho3D/AngelScript/Manual_Navigation.h,4,1,5
/media/ullmann/hdd/research/engines/Urho3D/Source/ThirdParty/Box2D/src/common/b2_block_allocator.cpp,1,0,1
/media/ullmann/hdd/research/engines/Urho3D/include/Urho3D/ThirdParty/slikenet/statistics.h,0,3,3
/media/ullmann/hdd/research/engines/Urho3D/Source/ThirdParty/FreeType/src/smooth/ftgrays.h,0,2,2
/media/ullmann/hdd/research/engines/Urho3D/Source/Urho3D/AngelScript/Manual_Core.cpp,3,0,3
/media/ullmann/hdd/research/engines/Urho3D/Source/Urho3D/AngelScript/Manual_Core.h,2,2,4
/media/ullmann/hdd/research/engines/Urho3D/Source/ThirdParty/Assimp/include/assimp/ProgressHandler.hpp,1,0,1
/media/ullmann/hdd/research/engines/Urho3D/Source/ThirdParty/Assimp/contrib/poly2tri/poly2tri/sweep/cdt.cc,1,0,1
/media/ullmann/hdd/research/engines/Urho3D/Source/ThirdParty/Bullet/src/BulletCollision/CollisionDispatch/btSphereSphereCollisionAlgorithm.h,2,2,4
/media/ullmann/hdd/research/engines/Urho3D/Source/Urho3D/AngelScript/Manual_Graphics.cpp,5,0,5
/media/ullmann/hdd/research/engines/Urho3D/Source/ThirdParty/FreeType/src/autofit/afpic.c,6,1,7
/media/ullmann/hdd/research/engines/Urho3D/Source/ThirdParty/FreeType/src/cff/cf2stack.c,5,1,6
/media/ullmann/hdd/research/engines/Urho3D/Source/ThirdParty/FreeType/src/cff/cf2stack.h,0,2,2
/media/ullmann/hdd/research/engines/Urho3D/Source/ThirdParty/Bullet/src/BulletCollision/Gimpact/gim_memory.cpp,1,0,1
/media/ullmann/hdd/research/engines/Urho3D/script/build/include/Urho3D/Urho2D/Sprite2D.h,2,2,4
/media/ullmann/hdd/research/engines/Urho3D/Source/Urho3D/UI/Button.h,1,5,6
/media/ullmann/hdd/research/engines/Urho3D/Source/Urho3D/AngelScript/Generated_Classes.cpp,5,0,5
/media/ullmann/hdd/research/engines/Urho3D/Source/ThirdParty/LuaJIT/src/lj_parse.h,2,3,5
/media/ullmann/hdd/research/engines/Urho3D/Source/Samples/50_Urho2DPlatformer/Character2D.cpp,1,0,1
/media/ullmann/hdd/research/engines/Urho3D/Source/Samples/50_Urho2DPlatformer/Character2D.h,0,2,2
/media/ullmann/hdd/research/engines/Urho3D/Source/Urho3D/Container/LinkedList.h,1,2,3
/media/ullmann/hdd/research/engines/Urho3D/Source/ThirdParty/SDL/src/core/linux/SDL_evdev_kbd_default_keymap.h,0,1,1
/media/ullmann/hdd/research/engines/Urho3D/Source/Urho3D/Core/ProcessUtils.cpp,5,0,5
/media/ullmann/hdd/research/engines/Urho3D/Source/ThirdParty/Bullet/src/BulletCollision/CollisionDispatch/btCompoundCompoundCollisionAlgorithm.cpp,1,0,1
/media/ullmann/hdd/research/engines/Urho3D/Source/ThirdParty/Bullet/src/BulletCollision/CollisionDispatch/btCompoundCompoundCollisionAlgorithm.h,1,1,2
/media/ullmann/hdd/research/engines/Urho3D/script/build/include/Urho3D/Physics2D/ConstraintMouse2D.h,1,1,2
/media/ullmann/hdd/research/engines/Urho3D/Source/ThirdParty/SDL/src/libm/e_sqrt.c,2,0,2
/media/ullmann/hdd/research/engines/Urho3D/Source/ThirdParty/SDL/src/audio/SDL_mixer.c,2,0,2
/media/ullmann/hdd/research/engines/Urho3D/script/build/include/Urho3D/Graphics/ParticleEmitter.h,1,1,2
/media/ullmann/hdd/research/engines/Urho3D/script/build/include/Urho3D/UI/ToolTip.h,2,1,3
/media/ullmann/hdd/research/engines/Urho3D/Source/Urho3D/Math/Matrix3.h,1,4,5
/media/ullmann/hdd/research/engines/Urho3D/Source/ThirdParty/Assimp/code/DefaultIOSystem.cpp,1,0,1
/media/ullmann/hdd/research/engines/Urho3D/Source/ThirdParty/FreeType/src/sfnt/ttmtx.h,0,3,3
/media/ullmann/hdd/research/engines/Urho3D/Source/ThirdParty/SLikeNet/Source/slikenet/MessageFilter.h,1,0,1
/media/ullmann/hdd/research/engines/Urho3D/Source/ThirdParty/SLikeNet/Source/src/BitStream.cpp,6,0,6
/media/ullmann/hdd/research/engines/Urho3D/script/build/include/Urho3D/Urho2D/SpriteSheet2D.h,1,1,2
/media/ullmann/hdd/research/engines/Urho3D/include/Urho3D/ThirdParty/slikenet/NatTypeDetectionServer.h,0,1,1
/media/ullmann/hdd/research/engines/Urho3D/Source/ThirdParty/FreeType/src/gxvalid/gxvtrak.c,2,1,3
/media/ullmann/hdd/research/engines/Urho3D/script/build/include/Urho3D/Audio/AudioEvents.h,1,0,1
/media/ullmann/hdd/research/engines/Urho3D/Source/ThirdParty/SDL/src/joystick/SDL_joystick_c.h,1,15,16
/media/ullmann/hdd/research/engines/Urho3D/Source/ThirdParty/SDL/src/video/dummy/SDL_nullevents.c,4,0,4
/media/ullmann/hdd/research/engines/Urho3D/Source/ThirdParty/FreeType/src/type1/t1afm.c,2,1,3
/media/ullmann/hdd/research/engines/Urho3D/script/build/include/Urho3D/Scene/SmoothedTransform.h,1,1,2
/media/ullmann/hdd/research/engines/Urho3D/Source/ThirdParty/WebP/src/dsp/alpha_processing_sse2.c,1,0,1
/media/ullmann/hdd/research/engines/Urho3D/Source/ThirdParty/SLikeNet/Source/include/slikenet/EmailSender.h,6,2,8
/media/ullmann/hdd/research/engines/Urho3D/Source/ThirdParty/SLikeNet/Source/include/slikenet/Rand.h,1,8,9
/media/ullmann/hdd/research/engines/Urho3D/Source/Urho3D/Physics2D/ConstraintMotor2D.h,1,3,4
/media/ullmann/hdd/research/engines/Urho3D/script/build/include/Urho3D/UI/FileSelector.h,1,2,3
/media/ullmann/hdd/research/engines/Urho3D/Source/ThirdParty/AngelScript/source/as_callfunc_ppc_64.cpp,6,0,6
/media/ullmann/hdd/research/engines/Urho3D/Source/ThirdParty/Bullet/src/BulletCollision/CollisionDispatch/btConvexConcaveCollisionAlgorithm.cpp,1,0,1
/media/ullmann/hdd/research/engines/Urho3D/include/Urho3D/IO/Serializer.h,4,2,6
/media/ullmann/hdd/research/engines/Urho3D/Source/Urho3D/Network/HttpRequest.cpp,5,0,5
/media/ullmann/hdd/research/engines/Urho3D/Source/Urho3D/Network/HttpRequest.h,5,4,9
/media/ullmann/hdd/research/engines/Urho3D/script/build/include/Urho3D/Scene/LogicComponent.h,2,2,4
/media/ullmann/hdd/research/engines/Urho3D/script/build/include/Urho3D/Container/FlagSet.h,0,6,6
/media/ullmann/hdd/research/engines/Urho3D/script/build/include/Urho3D/Physics2D/ConstraintPulley2D.h,1,1,2
/media/ullmann/hdd/research/engines/Urho3D/Source/ThirdParty/Bullet/src/BulletCollision/BroadphaseCollision/btDbvtBroadphase.h,0,4,4
/media/ullmann/hdd/research/engines/Urho3D/Source/ThirdParty/Bullet/src/BulletDynamics/ConstraintSolver/btConeTwistConstraint.h,2,2,4
/media/ullmann/hdd/research/engines/Urho3D/Source/ThirdParty/SDL/src/video/x11/edid-parse.c,2,0,2
/media/ullmann/hdd/research/engines/Urho3D/Source/ThirdParty/SDL/src/video/x11/edid.h,0,2,2
/media/ullmann/hdd/research/engines/Urho3D/script/build/include/Urho3D/ThirdParty/SDL/SDL_egl.h,0,1,1
/media/ullmann/hdd/research/engines/Urho3D/Source/ThirdParty/ik/include/ik/solver_1bone.h,3,0,3
/media/ullmann/hdd/research/engines/Urho3D/Source/ThirdParty/SDL/src/render/opengl/SDL_shaders_gl.c,2,0,2
/media/ullmann/hdd/research/engines/Urho3D/include/Urho3D/ThirdParty/box2d/b2_chain_shape.h,0,6,6
/media/ullmann/hdd/research/engines/Urho3D/Source/ThirdParty/FreeType/src/sfnt/pngshim.h,1,2,3
/media/ullmann/hdd/research/engines/Urho3D/Source/ThirdParty/FreeType/src/sfnt/ttload.h,0,7,7
/media/ullmann/hdd/research/engines/Urho3D/include/Urho3D/ThirdParty/SDL/SDL_version.h,3,2,5
/media/ullmann/hdd/research/engines/Urho3D/Source/ThirdParty/SDL/src/audio/netbsd/SDL_netbsdaudio.c,5,0,5
/media/ullmann/hdd/research/engines/Urho3D/Source/Tools/BindingGenerator/ASClassBinder.cpp,6,0,6
/media/ullmann/hdd/research/engines/Urho3D/Source/Tools/BindingGenerator/ASUtils.h,1,5,6
/media/ullmann/hdd/research/engines/Urho3D/Source/ThirdParty/FreeType/src/pshinter/pshinter.c,5,0,5
/media/ullmann/hdd/research/engines/Urho3D/Source/ThirdParty/FreeType/src/pshinter/pshrec.c,3,1,4
/media/ullmann/hdd/research/engines/Urho3D/Source/ThirdParty/Bullet/src/BulletCollision/CollisionDispatch/btSphereTriangleCollisionAlgorithm.cpp,2,0,2
/media/ullmann/hdd/research/engines/Urho3D/Source/ThirdParty/Bullet/src/BulletCollision/CollisionDispatch/btSphereTriangleCollisionAlgorithm.h,2,1,3
/media/ullmann/hdd/research/engines/Urho3D/Source/ThirdParty/SDL/src/joystick/SDL_gamecontrollerdb.h,1,1,2
/media/ullmann/hdd/research/engines/Urho3D/Source/ThirdParty/SLikeNet/Source/slikenet/ReplicaEnums.h,1,0,1
/media/ullmann/hdd/research/engines/Urho3D/Source/ThirdParty/Box2D/src/collision/b2_dynamic_tree.cpp,1,0,1
/media/ullmann/hdd/research/engines/Urho3D/include/Urho3D/ThirdParty/box2d/b2_dynamic_tree.h,0,1,1
/media/ullmann/hdd/research/engines/Urho3D/Source/ThirdParty/Bullet/src/LinearMath/btQuickprof.h,2,3,5
/media/ullmann/hdd/research/engines/Urho3D/Source/ThirdParty/Bullet/src/LinearMath/btAlignedAllocator.h,1,6,7
/media/ullmann/hdd/research/engines/Urho3D/Source/ThirdParty/SDL/src/video/windows/SDL_windowsopengles.h,3,3,6
/media/ullmann/hdd/research/engines/Urho3D/Source/ThirdParty/SDL/src/video/raspberry/SDL_rpiopengles.c,3,0,3
/media/ullmann/hdd/research/engines/Urho3D/Source/Urho3D/Math/AreaAllocator.cpp,3,0,3
/media/ullmann/hdd/research/engines/Urho3D/Source/ThirdParty/FreeType/src/otvalid/otvmod.h,0,1,1
/media/ullmann/hdd/research/engines/Urho3D/include/Urho3D/ThirdParty/rapidjson/internal/dtoa.h,3,1,4
/media/ullmann/hdd/research/engines/Urho3D/Source/ThirdParty/Assimp/code/Exporter.cpp,8,0,8
/media/ullmann/hdd/research/engines/Urho3D/include/Urho3D/ThirdParty/slikenet/string.h,0,8,8
/media/ullmann/hdd/research/engines/Urho3D/Source/ThirdParty/SLikeNet/Source/InternalPacket.h,1,0,1
/media/ullmann/hdd/research/engines/Urho3D/include/Urho3D/ThirdParty/rapidjson/internal/meta.h,1,4,5
/media/ullmann/hdd/research/engines/Urho3D/Source/ThirdParty/Tracy/client/TracySysTracePayload.hpp,0,1,1
/media/ullmann/hdd/research/engines/Urho3D/Source/Samples/29_SoundSynthesis/SoundSynthesis.h,1,1,2
/media/ullmann/hdd/research/engines/Urho3D/Source/ThirdParty/Assimp/code/B3DImporter.h,1,2,3
/media/ullmann/hdd/research/engines/Urho3D/script/build/include/Urho3D/Math/AreaAllocator.h,1,2,3
/media/ullmann/hdd/research/engines/Urho3D/include/Urho3D/Navigation/NavArea.h,2,1,3
/media/ullmann/hdd/research/engines/Urho3D/Source/ThirdParty/SLikeNet/Source/include/slikenet/SingleProducerConsumer.h,3,4,7
/media/ullmann/hdd/research/engines/Urho3D/script/build/include/Urho3D/Graphics/Graphics.h,10,3,13
/media/ullmann/hdd/research/engines/Urho3D/script/build/include/Urho3D/Math/Plane.h,1,3,4
/media/ullmann/hdd/research/engines/Urho3D/include/Urho3D/ThirdParty/SDL/SDL_hints.h,3,1,4
/media/ullmann/hdd/research/engines/Urho3D/Source/ThirdParty/AngelScript/source/as_criticalsection.h,1,2,3
/media/ullmann/hdd/research/engines/Urho3D/Source/Samples/21_AngelScriptIntegration/AngelScriptIntegration.cpp,1,0,1
/media/ullmann/hdd/research/engines/Urho3D/Source/Samples/21_AngelScriptIntegration/AngelScriptIntegration.h,1,1,2
/media/ullmann/hdd/research/engines/Urho3D/Source/Urho3D/IK/IKEffector.cpp,8,0,8
/media/ullmann/hdd/research/engines/Urho3D/include/Urho3D/Audio/AudioDefs.h,1,3,4
/media/ullmann/hdd/research/engines/Urho3D/include/Urho3D/ThirdParty/slikenet/types.h,0,4,4
/media/ullmann/hdd/research/engines/Urho3D/script/build/include/Urho3D/Urho2D/AnimatedSprite2D.h,1,1,2
/media/ullmann/hdd/research/engines/Urho3D/Source/ThirdParty/SLikeNet/Source/src/RakNetSocket2_Windows_Linux.cpp,1,1,2
/media/ullmann/hdd/research/engines/Urho3D/Source/ThirdParty/Assimp/include/assimp/camera.h,1,1,2
/media/ullmann/hdd/research/engines/Urho3D/script/build/include/Urho3D/ThirdParty/rapidjson/internal/swap.h,1,1,2
/media/ullmann/hdd/research/engines/Urho3D/Source/ThirdParty/SLikeNet/Source/CCRakNetSlidingWindow.h,1,0,1
/media/ullmann/hdd/research/engines/Urho3D/script/build/include/Urho3D/Engine/DebugHud.h,2,1,3
/media/ullmann/hdd/research/engines/Urho3D/Source/ThirdParty/SLikeNet/Source/include/slikenet/transport2.h,6,2,8
/media/ullmann/hdd/research/engines/Urho3D/Source/ThirdParty/Assimp/code/ObjFileMtlImporter.cpp,5,0,5
/media/ullmann/hdd/research/engines/Urho3D/Source/ThirdParty/rapidjson/include/rapidjson/internal/stack.h,2,5,7
/media/ullmann/hdd/research/engines/Urho3D/Source/ThirdParty/Assimp/code/FindInstancesProcess.h,2,2,4
/media/ullmann/hdd/research/engines/Urho3D/Source/Urho3D/GraphicsAPI/ShaderPrecache.cpp,9,0,9
/media/ullmann/hdd/research/engines/Urho3D/script/build/include/Urho3D/ThirdParty/rapidjson/internal/pow10.h,1,1,2
/media/ullmann/hdd/research/engines/Urho3D/Source/ThirdParty/Assimp/code/STLExporter.cpp,3,0,3
/media/ullmann/hdd/research/engines/Urho3D/include/Urho3D/Math/Ray.h,2,5,7
/media/ullmann/hdd/research/engines/Urho3D/Source/Urho3D/Graphics/Terrain.h,2,5,7
/media/ullmann/hdd/research/engines/Urho3D/Source/ThirdParty/FreeType/src/autofit/afblue.h,0,1,1
/media/ullmann/hdd/research/engines/Urho3D/Source/Urho3D/Resource/PListFile.h,1,3,4
/media/ullmann/hdd/research/engines/Urho3D/Source/ThirdParty/FreeType/src/cache/ftcglyph.h,1,5,6
/media/ullmann/hdd/research/engines/Urho3D/Source/ThirdParty/Assimp/code/XFileExporter.cpp,6,0,6
/media/ullmann/hdd/research/engines/Urho3D/Source/ThirdParty/Bullet/src/LinearMath/btQuickprof.cpp,2,0,2
/media/ullmann/hdd/research/engines/Urho3D/Source/ThirdParty/Bullet/src/LinearMath/btThreads.h,1,3,4
/media/ullmann/hdd/research/engines/Urho3D/Source/ThirdParty/SDL/src/render/software/SDL_rotate.c,3,0,3
/media/ullmann/hdd/research/engines/Urho3D/Source/ThirdParty/FreeType/src/raster/ftraster.c,4,1,5
/media/ullmann/hdd/research/engines/Urho3D/Source/ThirdParty/FreeType/src/raster/ftmisc.h,0,1,1
/media/ullmann/hdd/research/engines/Urho3D/Source/ThirdParty/SLikeNet/Source/slikenet/SimpleTCPServer.h,1,0,1
/media/ullmann/hdd/research/engines/Urho3D/Source/ThirdParty/SLikeNet/Source/include/slikenet/SimpleTCPServer.h,0,2,2
/media/ullmann/hdd/research/engines/Urho3D/Source/ThirdParty/Assimp/code/C4DImporter.cpp,2,0,2
/media/ullmann/hdd/research/engines/Urho3D/Source/ThirdParty/AngelScript/source/as_map.h,0,6,6
/media/ullmann/hdd/research/engines/Urho3D/script/build/include/Urho3D/Physics2D/CollisionPolygon2D.h,1,2,3
/media/ullmann/hdd/research/engines/Urho3D/script/build/include/Urho3D/ThirdParty/rapidjson/encodings.h,1,1,2
/media/ullmann/hdd/research/engines/Urho3D/Source/ThirdParty/Box2D/src/collision/b2_collide_circle.cpp,3,0,3
/media/ullmann/hdd/research/engines/Urho3D/Source/ThirdParty/SDL/src/video/directfb/SDL_DirectFB_dyn.c,3,0,3
/media/ullmann/hdd/research/engines/Urho3D/Source/ThirdParty/Bullet/src/BulletDynamics/ConstraintSolver/btSolverConstraint.h,2,1,3
/media/ullmann/hdd/research/engines/Urho3D/Source/ThirdParty/Bullet/src/BulletDynamics/ConstraintSolver/btSolverBody.h,0,2,2
/media/ullmann/hdd/research/engines/Urho3D/Source/ThirdParty/Assimp/code/SplitLargeMeshes.cpp,2,0,2
/media/ullmann/hdd/research/engines/Urho3D/Source/ThirdParty/Assimp/code/SplitLargeMeshes.h,1,5,6
/media/ullmann/hdd/research/engines/Urho3D/Source/ThirdParty/Bullet/src/BulletSoftBody/btDeformableBodySolver.cpp,2,0,2
/media/ullmann/hdd/research/engines/Urho3D/Source/ThirdParty/Assimp/code/UnrealLoader.h,1,2,3
/media/ullmann/hdd/research/engines/Urho3D/Source/ThirdParty/rapidjson/include/rapidjson/internal/meta.h,1,4,5
/media/ullmann/hdd/research/engines/Urho3D/include/Urho3D/ThirdParty/box2d/b2_revolute_joint.h,0,3,3
/media/ullmann/hdd/research/engines/Urho3D/Source/ThirdParty/Bullet/src/BulletSoftBody/btPreconditioner.h,0,2,2
/media/ullmann/hdd/research/engines/Urho3D/Source/ThirdParty/Bullet/src/BulletSoftBody/btSoftBodyHelpers.cpp,2,0,2
/media/ullmann/hdd/research/engines/Urho3D/Source/ThirdParty/Bullet/src/BulletSoftBody/btSoftBodyHelpers.h,1,3,4
/media/ullmann/hdd/research/engines/Urho3D/Source/ThirdParty/LuaJIT/src/lj_carith.h,1,6,7
/media/ullmann/hdd/research/engines/Urho3D/Source/ThirdParty/Bullet/src/BulletCollision/CollisionShapes/btSdfCollisionShape.h,1,1,2
/media/ullmann/hdd/research/engines/Urho3D/Source/ThirdParty/SDL/src/audio/qsa/SDL_qsa_audio.h,2,1,3
/media/ullmann/hdd/research/engines/Urho3D/Source/ThirdParty/Bullet/src/BulletCollision/NarrowPhaseCollision/btContinuousConvexCollision.h,2,1,3
/media/ullmann/hdd/research/engines/Urho3D/Source/ThirdParty/Bullet/src/BulletCollision/NarrowPhaseCollision/btConvexCast.h,0,4,4
/media/ullmann/hdd/research/engines/Urho3D/Source/Urho3D/GraphicsAPI/Direct3D11/D3D11VertexBuffer.cpp,6,0,6
/media/ullmann/hdd/research/engines/Urho3D/Source/ThirdParty/Bullet/src/BulletCollision/NarrowPhaseCollision/btGjkEpaPenetrationDepthSolver.cpp,1,0,1
/media/ullmann/hdd/research/engines/Urho3D/Source/ThirdParty/Bullet/src/BulletCollision/NarrowPhaseCollision/btGjkEpaPenetrationDepthSolver.h,1,1,2
/media/ullmann/hdd/research/engines/Urho3D/Source/ThirdParty/Tracy/TracyC.h,2,1,3
/media/ullmann/hdd/research/engines/Urho3D/Source/ThirdParty/SDL/src/video/khronos/vulkan/vulkan_macos.h,0,1,1
/media/ullmann/hdd/research/engines/Urho3D/script/build/include/Urho3D/ThirdParty/ik/constraint.h,1,0,1
/media/ullmann/hdd/research/engines/Urho3D/Source/ThirdParty/SDL/src/thread/generic/SDL_systhread_c.h,1,3,4
/media/ullmann/hdd/research/engines/Urho3D/Source/Urho3D/UI/LineEdit.cpp,8,0,8
/media/ullmann/hdd/research/engines/Urho3D/Source/ThirdParty/SDL/src/video/SDL_stretch.c,2,0,2
/media/ullmann/hdd/research/engines/Urho3D/include/Urho3D/Math/Matrix4.h,2,2,4
/media/ullmann/hdd/research/engines/Urho3D/script/build/include/Urho3D/Graphics/StaticModelGroup.h,1,1,2
/media/ullmann/hdd/research/engines/Urho3D/include/Urho3D/ThirdParty/slikenet/UDPProxyCommon.h,0,3,3
/media/ullmann/hdd/research/engines/Urho3D/Source/ThirdParty/SLikeNet/Source/slikenet/smartptr.h,1,0,1
/media/ullmann/hdd/research/engines/Urho3D/Source/Urho3D/GraphicsAPI/Direct3D9/D3D9VertexDeclaration.cpp,7,0,7
/media/ullmann/hdd/research/engines/Urho3D/Source/ThirdParty/SDL/src/video/x11/SDL_x11mouse.h,1,3,4
/media/ullmann/hdd/research/engines/Urho3D/Source/ThirdParty/SDL/src/video/qnx/gl.c,2,0,2
/media/ullmann/hdd/research/engines/Urho3D/Source/ThirdParty/LuaJIT/src/lj_traceerr.h,0,1,1
/media/ullmann/hdd/research/engines/Urho3D/Source/Urho3D/Urho2D/ParticleEmitter2D.h,1,3,4
/media/ullmann/hdd/research/engines/Urho3D/include/Urho3D/ThirdParty/rapidjson/error/error.h,1,2,3
/media/ullmann/hdd/research/engines/Urho3D/Source/ThirdParty/Bullet/src/BulletCollision/CollisionShapes/btConvexHullShape.h,1,3,4
/media/ullmann/hdd/research/engines/Urho3D/Source/ThirdParty/Assimp/contrib/zlib/inflate.c,5,0,5
/media/ullmann/hdd/research/engines/Urho3D/Source/ThirdParty/Assimp/contrib/zlib/inffixed.h,0,2,2
/media/ullmann/hdd/research/engines/Urho3D/Source/ThirdParty/ik/include/ik/quat.h,2,0,2
/media/ullmann/hdd/research/engines/Urho3D/Source/ThirdParty/FreeType/src/bdf/bdf.h,0,3,3
/media/ullmann/hdd/research/engines/Urho3D/Source/ThirdParty/SDL/include/SDL_keyboard.h,6,3,9
/media/ullmann/hdd/research/engines/Urho3D/Source/ThirdParty/SDL/src/video/raspberry/SDL_rpievents_c.h,1,2,3
/media/ullmann/hdd/research/engines/Urho3D/Source/ThirdParty/SLikeNet/Source/include/slikenet/sleep.h,1,3,4
/media/ullmann/hdd/research/engines/Urho3D/Source/ThirdParty/SLikeNet/Source/TelnetTransport.h,1,0,1
/media/ullmann/hdd/research/engines/Urho3D/Source/ThirdParty/FreeType/src/gxvalid/gxvmorx2.c,1,1,2
/media/ullmann/hdd/research/engines/Urho3D/Source/ThirdParty/LuaJIT/src/lj_ccall.c,9,1,10
/media/ullmann/hdd/research/engines/Urho3D/Source/ThirdParty/Bullet/src/LinearMath/btQuadWord.h,2,1,3
/media/ullmann/hdd/research/engines/Urho3D/Source/ThirdParty/FreeType/src/otvalid/otvalid.c,8,0,8
/media/ullmann/hdd/research/engines/Urho3D/Source/ThirdParty/FreeType/src/otvalid/otvcommn.c,1,1,2
/media/ullmann/hdd/research/engines/Urho3D/script/build/include/Urho3D/Urho2D/Urho2D.h,0,3,3
/media/ullmann/hdd/research/engines/Urho3D/script/build/include/Urho3D/Urho2D/Renderer2D.h,2,1,3
/media/ullmann/hdd/research/engines/Urho3D/Source/Urho3D/Database/SQLite/SQLiteConnection.cpp,3,0,3
/media/ullmann/hdd/research/engines/Urho3D/Source/ThirdParty/WebP/src/dsp/cost_mips32.c,2,0,2
/media/ullmann/hdd/research/engines/Urho3D/Source/ThirdParty/Bullet/src/LinearMath/btStackAlloc.h,2,0,2
/media/ullmann/hdd/research/engines/Urho3D/Source/ThirdParty/FreeType/src/base/md5.c,1,1,2
/media/ullmann/hdd/research/engines/Urho3D/include/Urho3D/ThirdParty/SDL/SDL_assert.h,3,1,4
/media/ullmann/hdd/research/engines/Urho3D/Source/ThirdParty/Assimp/code/Q3BSPFileParser.h,1,2,3
/media/ullmann/hdd/research/engines/Urho3D/Source/ThirdParty/Bullet/src/BulletDynamics/ConstraintSolver/btGeneric6DofConstraint.h,2,4,6
/media/ullmann/hdd/research/engines/Urho3D/Source/Urho3D/Core/StringUtils.cpp,3,0,3
/media/ullmann/hdd/research/engines/Urho3D/include/Urho3D/Database/ODBC/ODBCConnection.h,2,1,3
/media/ullmann/hdd/research/engines/Urho3D/Source/ThirdParty/SLikeNet/Source/include/slikenet/commandparser.h,3,2,5
/media/ullmann/hdd/research/engines/Urho3D/Source/Urho3D/UI/FontFaceFreeType.h,1,3,4
/media/ullmann/hdd/research/engines/Urho3D/Source/Urho3D/UI/FontFace.h,2,5,7
/media/ullmann/hdd/research/engines/Urho3D/Source/ThirdParty/Bullet/src/BulletDynamics/ConstraintSolver/btContactConstraint.cpp,3,0,3
/media/ullmann/hdd/research/engines/Urho3D/Source/ThirdParty/SDL/src/hidapi/libusb/hid.c,1,1,2
/media/ullmann/hdd/research/engines/Urho3D/Source/ThirdParty/FreeType/src/cff/cffcmap.h,1,4,5
/media/ullmann/hdd/research/engines/Urho3D/Source/Urho3D/AngelScript/Manual_Resource.cpp,5,0,5
/media/ullmann/hdd/research/engines/Urho3D/Source/ThirdParty/Assimp/code/X3DImporter.hpp,4,12,16
/media/ullmann/hdd/research/engines/Urho3D/Source/ThirdParty/SLikeNet/Source/include/slikenet/PacketPriority.h,0,17,17
/media/ullmann/hdd/research/engines/Urho3D/Source/Samples/01_HelloWorld/HelloWorld.cpp,1,0,1
/media/ullmann/hdd/research/engines/Urho3D/Source/Samples/01_HelloWorld/HelloWorld.h,1,1,2
/media/ullmann/hdd/research/engines/Urho3D/Source/ThirdParty/SDL/src/video/android/SDL_androidvulkan.c,4,0,4
/media/ullmann/hdd/research/engines/Urho3D/Source/ThirdParty/SLikeNet/Source/slikenet/NativeFeatureIncludesOverrides.h,1,0,1
/media/ullmann/hdd/research/engines/Urho3D/Source/Urho3D/Container/Hash.h,0,3,3
/media/ullmann/hdd/research/engines/Urho3D/Source/ThirdParty/SLikeNet/Source/src/MessageFilter.cpp,8,0,8
/media/ullmann/hdd/research/engines/Urho3D/Source/Urho3D/UI/ScrollBar.cpp,7,0,7
/media/ullmann/hdd/research/engines/Urho3D/Source/ThirdParty/FreeType/src/autofit/aferrors.h,0,10,10
/media/ullmann/hdd/research/engines/Urho3D/Source/ThirdParty/SDL/include/SDL_types.h,1,0,1
/media/ullmann/hdd/research/engines/Urho3D/Source/ThirdParty/Box2D/include/box2d/b2_dynamic_tree.h,3,2,5
/media/ullmann/hdd/research/engines/Urho3D/Source/ThirdParty/Bullet/src/BulletSoftBody/btDeformableCorotatedForce.h,1,1,2
/media/ullmann/hdd/research/engines/Urho3D/script/build/include/Urho3D/Core/WorkQueue.h,3,1,4
/media/ullmann/hdd/research/engines/Urho3D/Source/Urho3D/Navigation/Obstacle.h,2,4,6
/media/ullmann/hdd/research/engines/Urho3D/include/Urho3D/UI/DropDownList.h,1,2,3
/media/ullmann/hdd/research/engines/Urho3D/include/Urho3D/Container/Pair.h,1,2,3
/media/ullmann/hdd/research/engines/Urho3D/Source/ThirdParty/Bullet/src/LinearMath/btQuaternion.h,2,2,4
/media/ullmann/hdd/research/engines/Urho3D/script/build/include/Urho3D/Network/Protocol.h,0,1,1
/media/ullmann/hdd/research/engines/Urho3D/Source/ThirdParty/Assimp/contrib/zlib/inffast.c,4,0,4
/media/ullmann/hdd/research/engines/Urho3D/Source/ThirdParty/Assimp/contrib/zlib/inflate.h,0,3,3
/media/ullmann/hdd/research/engines/Urho3D/Source/ThirdParty/SLikeNet/Source/DS_HuffmanEncodingTreeFactory.h,1,0,1
/media/ullmann/hdd/research/engines/Urho3D/Source/ThirdParty/SLikeNet/Source/include/slikenet/DS_HuffmanEncodingTreeFactory.h,1,2,3
/media/ullmann/hdd/research/engines/Urho3D/Source/ThirdParty/SDL/include/SDL_assert.h,2,2,4
/media/ullmann/hdd/research/engines/Urho3D/Source/ThirdParty/Bullet/src/BulletCollision/NarrowPhaseCollision/btGjkEpa2.cpp,1,0,1
/media/ullmann/hdd/research/engines/Urho3D/Source/ThirdParty/Bullet/src/BulletCollision/NarrowPhaseCollision/btGjkEpa2.h,0,1,1
/media/ullmann/hdd/research/engines/Urho3D/Source/ThirdParty/SDL/src/video/wayland/SDL_waylandvulkan.c,4,0,4
/media/ullmann/hdd/research/engines/Urho3D/Source/ThirdParty/Bullet/src/BulletDynamics/Featherstone/btMultiBodySphericalJointMotor.cpp,3,0,3
/media/ullmann/hdd/research/engines/Urho3D/Source/ThirdParty/SDL/src/dynapi/SDL_dynapi.c,2,0,2
/media/ullmann/hdd/research/engines/Urho3D/Source/ThirdParty/SDL/src/dynapi/SDL_dynapi_procs.h,0,1,1
/media/ullmann/hdd/research/engines/Urho3D/Source/ThirdParty/FreeType/src/psnames/psnamerr.h,0,2,2
/media/ullmann/hdd/research/engines/Urho3D/Source/ThirdParty/Assimp/code/ObjFileData.h,0,3,3
/media/ullmann/hdd/research/engines/Urho3D/Source/ThirdParty/FreeType/src/psaux/psobjs.c,3,1,4
/media/ullmann/hdd/research/engines/Urho3D/Source/ThirdParty/FreeType/src/psaux/psauxerr.h,0,5,5
/media/ullmann/hdd/research/engines/Urho3D/Source/Urho3D/Audio/SoundSource3D.cpp,8,0,8
/media/ullmann/hdd/research/engines/Urho3D/Source/ThirdParty/SDL/src/video/windows/SDL_windowsvulkan.c,4,0,4
/media/ullmann/hdd/research/engines/Urho3D/Source/ThirdParty/LuaJIT/src/lj_opt_sink.c,5,1,6
/media/ullmann/hdd/research/engines/Urho3D/include/Urho3D/ThirdParty/slikenet/EpochTimeToString.h,0,1,1
/media/ullmann/hdd/research/engines/Urho3D/Source/ThirdParty/Assimp/code/ColladaExporter.h,1,1,2
/media/ullmann/hdd/research/engines/Urho3D/Source/ThirdParty/SLikeNet/Source/DS_Multilist.h,1,0,1
/media/ullmann/hdd/research/engines/Urho3D/Source/ThirdParty/SLikeNet/Source/src/linux_adapter.cpp,1,0,1
/media/ullmann/hdd/research/engines/Urho3D/Source/ThirdParty/Assimp/code/FBXBinaryTokenizer.cpp,4,0,4
/media/ullmann/hdd/research/engines/Urho3D/Source/ThirdParty/SLikeNet/Source/include/slikenet/NetworkIDObject.h,3,4,7
/media/ullmann/hdd/research/engines/Urho3D/Source/ThirdParty/SDL/src/SDL_error_c.h,1,3,4
/media/ullmann/hdd/research/engines/Urho3D/Source/ThirdParty/ik/include/ik/solver_FABRIK.h,3,0,3
/media/ullmann/hdd/research/engines/Urho3D/Source/ThirdParty/SDL/src/events/SDL_clipboardevents.c,3,0,3
/media/ullmann/hdd/research/engines/Urho3D/Source/ThirdParty/FreeType/src/cache/ftcsbits.h,1,3,4
/media/ullmann/hdd/research/engines/Urho3D/Source/ThirdParty/SLikeNet/Source/UDPProxyServer.h,1,0,1
/media/ullmann/hdd/research/engines/Urho3D/Source/Samples/35_SignedDistanceFieldText/SignedDistanceFieldText.h,1,1,2
/media/ullmann/hdd/research/engines/Urho3D/Source/ThirdParty/Assimp/code/TerragenLoader.cpp,2,0,2
/media/ullmann/hdd/research/engines/Urho3D/Source/ThirdParty/SDL/src/video/x11/SDL_x11events.h,1,1,2
/media/ullmann/hdd/research/engines/Urho3D/script/build/include/Urho3D/UI/Button.h,1,2,3
/media/ullmann/hdd/research/engines/Urho3D/Source/Urho3D/Container/HashBase.h,4,5,9
/media/ullmann/hdd/research/engines/Urho3D/Source/ThirdParty/WebP/src/dsp/lossless.c,5,0,5
/media/ullmann/hdd/research/engines/Urho3D/Source/Urho3D/AngelScript/Script.h,2,5,7
/media/ullmann/hdd/research/engines/Urho3D/Source/Samples/53_LANDiscovery/LANDiscovery.cpp,1,0,1
/media/ullmann/hdd/research/engines/Urho3D/include/Urho3D/UI/UISelectable.h,2,2,4
/media/ullmann/hdd/research/engines/Urho3D/Source/Urho3D/AngelScript/aswrappedcall.h,1,1,2
/media/ullmann/hdd/research/engines/Urho3D/Source/Urho3D/AngelScript/wrap.h,0,1,1
/media/ullmann/hdd/research/engines/Urho3D/Source/Urho3D/Container/Sort.h,2,8,10
/media/ullmann/hdd/research/engines/Urho3D/Source/ThirdParty/SDL/include/SDL_cpuinfo.h,3,1,4
/media/ullmann/hdd/research/engines/Urho3D/include/Urho3D/Core/Condition.h,1,1,2
/media/ullmann/hdd/research/engines/Urho3D/Source/ThirdParty/Lua/src/lparser.c,13,0,13
/media/ullmann/hdd/research/engines/Urho3D/script/build/include/Urho3D/Database/DatabaseEvents.h,2,0,2
/media/ullmann/hdd/research/engines/Urho3D/script/build/include/Urho3D/Database/DbConnection.h,2,2,4
/media/ullmann/hdd/research/engines/Urho3D/Source/ThirdParty/Bullet/src/BulletSoftBody/btSoftBodyConcaveCollisionAlgorithm.cpp,1,0,1
/media/ullmann/hdd/research/engines/Urho3D/Source/ThirdParty/LuaJIT/src/lj_target_ppc.h,0,1,1
/media/ullmann/hdd/research/engines/Urho3D/Source/Urho3D/UI/CheckBox.cpp,6,0,6
/media/ullmann/hdd/research/engines/Urho3D/Source/ThirdParty/Assimp/code/LWOFileData.h,2,3,5
/media/ullmann/hdd/research/engines/Urho3D/Source/ThirdParty/SLikeNet/Source/src/gettimeofday.cpp,2,0,2
/media/ullmann/hdd/research/engines/Urho3D/Source/ThirdParty/SDL/src/libm/s_atan.c,2,0,2
/media/ullmann/hdd/research/engines/Urho3D/Source/ThirdParty/FreeType/src/autofit/aflatin2.c,5,1,6
/media/ullmann/hdd/research/engines/Urho3D/Source/ThirdParty/SDL/src/video/nacl/SDL_naclevents.c,5,0,5
/media/ullmann/hdd/research/engines/Urho3D/Source/ThirdParty/SDL/src/video/nacl/SDL_naclevents_c.h,2,2,4
/media/ullmann/hdd/research/engines/Urho3D/Source/ThirdParty/SLikeNet/Source/src/SendToThread.cpp,6,0,6
/media/ullmann/hdd/research/engines/Urho3D/include/Urho3D/ThirdParty/slikenet/SendToThread.h,0,3,3
/media/ullmann/hdd/research/engines/Urho3D/Source/ThirdParty/Bullet/src/BulletDynamics/Vehicle/btVehicleRaycaster.h,0,2,2
/media/ullmann/hdd/research/engines/Urho3D/Source/ThirdParty/SDL/include/SDL_atomic.h,4,2,6
/media/ullmann/hdd/research/engines/Urho3D/Source/Urho3D/Scene/ValueAnimationInfo.cpp,5,0,5
/media/ullmann/hdd/research/engines/Urho3D/Source/ThirdParty/FreeType/src/pfr/pfrsbit.c,3,1,4
/media/ullmann/hdd/research/engines/Urho3D/script/build/include/Urho3D/Graphics/OcclusionBuffer.h,5,1,6
/media/ullmann/hdd/research/engines/Urho3D/Source/ThirdParty/SDL/src/joystick/hidapi/SDL_hidapi_ps4.c,4,0,4
/media/ullmann/hdd/research/engines/Urho3D/Source/Urho3D/Physics/Constraint.cpp,10,0,10
/media/ullmann/hdd/research/engines/Urho3D/include/Urho3D/Physics2D/ConstraintPulley2D.h,1,1,2
/media/ullmann/hdd/research/engines/Urho3D/Source/ThirdParty/SLikeNet/Source/RakNetSocket2.h,1,0,1
/media/ullmann/hdd/research/engines/Urho3D/Source/ThirdParty/FreeType/src/sfnt/sfobjs.c,6,1,7
/media/ullmann/hdd/research/engines/Urho3D/Source/ThirdParty/Assimp/code/B3DImporter.cpp,4,0,4
/media/ullmann/hdd/research/engines/Urho3D/Source/ThirdParty/SDL/src/video/qnx/sdl_qnx.h,1,3,4
/media/ullmann/hdd/research/engines/Urho3D/include/Urho3D/IO/IOEvents.h,1,0,1
/media/ullmann/hdd/research/engines/Urho3D/Source/ThirdParty/rapidjson/include/rapidjson/internal/dtoa.h,3,1,4
/media/ullmann/hdd/research/engines/Urho3D/Source/ThirdParty/rapidjson/include/rapidjson/internal/ieee754.h,1,2,3
/media/ullmann/hdd/research/engines/Urho3D/include/Urho3D/ThirdParty/slikenet/ConsoleServer.h,0,1,1
/media/ullmann/hdd/research/engines/Urho3D/Source/Urho3D/UI/ScrollBar.h,1,5,6
/media/ullmann/hdd/research/engines/Urho3D/Source/ThirdParty/SDL/src/events/SDL_touch.c,3,0,3
/media/ullmann/hdd/research/engines/Urho3D/include/Urho3D/Container/Sort.h,2,5,7
/media/ullmann/hdd/research/engines/Urho3D/Source/ThirdParty/Assimp/contrib/rapidjson/include/rapidjson/internal/strfunc.h,1,2,3
/media/ullmann/hdd/research/engines/Urho3D/script/build/include/Urho3D/Container/Sort.h,2,5,7
/media/ullmann/hdd/research/engines/Urho3D/Source/ThirdParty/MojoShader/mojoshader_effects.c,1,0,1
/media/ullmann/hdd/research/engines/Urho3D/Source/ThirdParty/MojoShader/mojoshader_internal.h,1,7,8
/media/ullmann/hdd/research/engines/Urho3D/Source/ThirdParty/SLikeNet/Source/slikenet/gettimeofday.h,1,0,1
/media/ullmann/hdd/research/engines/Urho3D/Source/ThirdParty/SLikeNet/Source/include/slikenet/gettimeofday.h,0,2,2
/media/ullmann/hdd/research/engines/Urho3D/Source/ThirdParty/SDL/src/video/vivante/SDL_vivantevulkan.c,3,0,3
/media/ullmann/hdd/research/engines/Urho3D/Source/ThirdParty/SDL/src/video/vivante/SDL_vivantevulkan.h,3,2,5
/media/ullmann/hdd/research/engines/Urho3D/Source/ThirdParty/SDL/src/video/SDL_clipboard.c,2,0,2
/media/ullmann/hdd/research/engines/Urho3D/Source/ThirdParty/Assimp/code/3DSConverter.cpp,3,0,3
/media/ullmann/hdd/research/engines/Urho3D/Source/ThirdParty/DetourCrowd/Include/DetourCrowd.h,5,0,5
/media/ullmann/hdd/research/engines/Urho3D/Source/ThirdParty/DetourCrowd/Include/DetourLocalBoundary.h,0,1,1
/media/ullmann/hdd/research/engines/Urho3D/Source/ThirdParty/Bullet/src/BulletSoftBody/btDeformableContactConstraint.cpp,1,0,1
/media/ullmann/hdd/research/engines/Urho3D/Source/ThirdParty/FreeType/src/autofit/afblue.c,1,1,2
/media/ullmann/hdd/research/engines/Urho3D/Source/Urho3D/Audio/AudioEvents.h,1,1,2
/media/ullmann/hdd/research/engines/Urho3D/include/Urho3D/ThirdParty/SDL/SDL_mutex.h,4,3,7
/media/ullmann/hdd/research/engines/Urho3D/include/Urho3D/ThirdParty/SDL/SDL_timer.h,4,1,5
/media/ullmann/hdd/research/engines/Urho3D/Source/ThirdParty/Assimp/code/X3DImporter_Rendering.cpp,2,0,2
/media/ullmann/hdd/research/engines/Urho3D/Source/ThirdParty/FreeType/src/gxvalid/gxvfeat.h,2,2,4
/media/ullmann/hdd/research/engines/Urho3D/include/Urho3D/ThirdParty/SDL/SDL_power.h,3,1,4
/media/ullmann/hdd/research/engines/Urho3D/Source/Urho3D/IO/MacFileWatcher.h,0,1,1
/media/ullmann/hdd/research/engines/Urho3D/Source/ThirdParty/Box2D/src/collision/b2_time_of_impact.cpp,6,0,6
/media/ullmann/hdd/research/engines/Urho3D/include/Urho3D/ThirdParty/box2d/b2_time_of_impact.h,0,5,5
/media/ullmann/hdd/research/engines/Urho3D/Source/ThirdParty/LuaJIT/src/lj_errmsg.h,0,2,2
/media/ullmann/hdd/research/engines/Urho3D/Source/ThirdParty/Box2D/src/dynamics/b2_joint.cpp,14,0,14
/media/ullmann/hdd/research/engines/Urho3D/include/Urho3D/ThirdParty/box2d/b2_friction_joint.h,0,2,2
/media/ullmann/hdd/research/engines/Urho3D/Source/Samples/32_Physics2DConstraints/Urho2DConstraints.cpp,1,0,1
/media/ullmann/hdd/research/engines/Urho3D/Source/Samples/32_Physics2DConstraints/Urho2DConstraints.h,1,1,2
/media/ullmann/hdd/research/engines/Urho3D/Source/ThirdParty/SLikeNet/Source/src/Getche.cpp,1,0,1
/media/ullmann/hdd/research/engines/Urho3D/include/Urho3D/ThirdParty/slikenet/Getche.h,0,1,1
/media/ullmann/hdd/research/engines/Urho3D/Source/ThirdParty/Tracy/client/tracy_rpmalloc.cpp,1,1,2
/media/ullmann/hdd/research/engines/Urho3D/Source/Urho3D/AngelScript/Addons.cpp,3,0,3
/media/ullmann/hdd/research/engines/Urho3D/Source/ThirdParty/SDL/src/events/scancodes_linux.h,1,2,3
/media/ullmann/hdd/research/engines/Urho3D/script/build/include/Urho3D/Physics2D/CollisionChain2D.h,1,2,3
/media/ullmann/hdd/research/engines/Urho3D/Source/ThirdParty/Bullet/src/BulletCollision/NarrowPhaseCollision/btConvexCast.cpp,1,0,1
/media/ullmann/hdd/research/engines/Urho3D/Source/ThirdParty/SLikeNet/Source/PacketPool.h,1,0,1
/media/ullmann/hdd/research/engines/Urho3D/Source/ThirdParty/SLikeNet/Source/include/slikenet/PacketPool.h,0,2,2
/media/ullmann/hdd/research/engines/Urho3D/Source/ThirdParty/SDL/src/libm/e_log10.c,2,0,2
/media/ullmann/hdd/research/engines/Urho3D/Source/Urho3D/GraphicsAPI/TextureCube.h,3,15,18
/media/ullmann/hdd/research/engines/Urho3D/Source/ThirdParty/WebP/src/mux/muxread.c,2,0,2
/media/ullmann/hdd/research/engines/Urho3D/Source/ThirdParty/WebP/src/mux/muxi.h,3,3,6
/media/ullmann/hdd/research/engines/Urho3D/Source/ThirdParty/Bullet/src/BulletSoftBody/btDeformableLinearElasticityForce.h,2,1,3
/media/ullmann/hdd/research/engines/Urho3D/Source/ThirdParty/Bullet/src/BulletSoftBody/btSoftBodyInternals.h,2,5,7
/media/ullmann/hdd/research/engines/Urho3D/Source/ThirdParty/SDL/src/video/uikit/SDL_uikitmessagebox.h,1,1,2
/media/ullmann/hdd/research/engines/Urho3D/Source/ThirdParty/SLikeNet/Source/include/slikenet/DS_LinkedList.h,2,5,7
/media/ullmann/hdd/research/engines/Urho3D/Source/ThirdParty/WebP/src/dsp/rescaler_neon.c,3,0,3
/media/ullmann/hdd/research/engines/Urho3D/script/build/include/Urho3D/Resource/Decompress.h,1,1,2
/media/ullmann/hdd/research/engines/Urho3D/Source/ThirdParty/MojoShader/mojoshader_compiler.c,2,0,2
/media/ullmann/hdd/research/engines/Urho3D/Source/ThirdParty/MojoShader/mojoshader_parser_hlsl.h,0,1,1
/media/ullmann/hdd/research/engines/Urho3D/Source/ThirdParty/Assimp/code/D3MFImporter.cpp,6,0,6
/media/ullmann/hdd/research/engines/Urho3D/Source/ThirdParty/SLikeNet/Source/src/TeamManager.cpp,5,0,5
/media/ullmann/hdd/research/engines/Urho3D/Source/Urho3D/Math/Vector3.cpp,3,0,3
/media/ullmann/hdd/research/engines/Urho3D/Source/ThirdParty/Box2D/include/box2d/b2_broad_phase.h,4,2,6
/media/ullmann/hdd/research/engines/Urho3D/script/build/include/Urho3D/Scene/SceneResolver.h,2,2,4
/media/ullmann/hdd/research/engines/Urho3D/Source/ThirdParty/SDL/src/video/x11/SDL_x11modes.c,3,0,3
/media/ullmann/hdd/research/engines/Urho3D/Source/ThirdParty/Bullet/src/BulletCollision/CollisionDispatch/btEmptyCollisionAlgorithm.h,2,1,3
/media/ullmann/hdd/research/engines/Urho3D/include/Urho3D/ThirdParty/slikenet/SuperFastHash.h,0,5,5
/media/ullmann/hdd/research/engines/Urho3D/include/Urho3D/Physics/Constraint.h,2,1,3
/media/ullmann/hdd/research/engines/Urho3D/include/Urho3D/Core/Mutex.h,1,15,16
/media/ullmann/hdd/research/engines/Urho3D/Source/ThirdParty/Assimp/include/assimp/vector2.inl,0,1,1
/media/ullmann/hdd/research/engines/Urho3D/Source/ThirdParty/FreeType/src/type42/t42drivr.h,0,1,1
/media/ullmann/hdd/research/engines/Urho3D/Source/ThirdParty/Bullet/src/BulletCollision/CollisionShapes/btMinkowskiSumShape.h,1,1,2
/media/ullmann/hdd/research/engines/Urho3D/Source/ThirdParty/Assimp/code/ScenePreprocessor.h,0,2,2
/media/ullmann/hdd/research/engines/Urho3D/Source/ThirdParty/MojoShader/mojoshader_assembler.c,1,0,1
/media/ullmann/hdd/research/engines/Urho3D/Source/ThirdParty/FreeType/src/sfnt/ttpost.c,2,1,3
/media/ullmann/hdd/research/engines/Urho3D/Source/ThirdParty/SDL/src/video/nacl/SDL_naclvideo.h,2,5,7
/media/ullmann/hdd/research/engines/Urho3D/Source/ThirdParty/Bullet/src/BulletCollision/BroadphaseCollision/btDbvtBroadphase.cpp,1,0,1
/media/ullmann/hdd/research/engines/Urho3D/script/build/include/Urho3D/Engine/Application.h,3,0,3
/media/ullmann/hdd/research/engines/Urho3D/Source/ThirdParty/SDL/src/render/opengles/SDL_render_gles.c,3,0,3
/media/ullmann/hdd/research/engines/Urho3D/Source/ThirdParty/Assimp/code/ObjFileMtlImporter.h,0,2,2
/media/ullmann/hdd/research/engines/Urho3D/Source/ThirdParty/Assimp/contrib/Open3DGC/o3dgcVector.inl,0,1,1
/media/ullmann/hdd/research/engines/Urho3D/Source/ThirdParty/Assimp/contrib/zlib/zutil.h,1,8,9
/media/ullmann/hdd/research/engines/Urho3D/Source/ThirdParty/SLikeNet/Source/slikenet/DS_BPlusTree.h,1,0,1
/media/ullmann/hdd/research/engines/Urho3D/script/build/include/Urho3D/Core/EventProfiler.h,1,1,2
/media/ullmann/hdd/research/engines/Urho3D/Source/ThirdParty/Assimp/code/Q3DLoader.cpp,3,0,3
/media/ullmann/hdd/research/engines/Urho3D/Source/ThirdParty/SLikeNet/Source/slikenet/DS_Queue.h,1,0,1
/media/ullmann/hdd/research/engines/Urho3D/Source/ThirdParty/Assimp/code/IFCUtil.h,3,8,11
/media/ullmann/hdd/research/engines/Urho3D/Source/ThirdParty/Bullet/src/BulletSoftBody/btSoftBody.h,1,10,11
/media/ullmann/hdd/research/engines/Urho3D/Source/ThirdParty/Bullet/src/BulletSoftBody/btSparseSDF.h,0,1,1
/media/ullmann/hdd/research/engines/Urho3D/Source/Urho3D/IO/IOEvents.h,1,5,6
/media/ullmann/hdd/research/engines/Urho3D/Source/ThirdParty/SDL/src/events/default_cursor.h,0,2,2
/media/ullmann/hdd/research/engines/Urho3D/Source/ThirdParty/SDL/src/video/dummy/SDL_nullevents_c.h,2,2,4
/media/ullmann/hdd/research/engines/Urho3D/Source/ThirdParty/Assimp/code/IFCLoader.h,2,3,5
/media/ullmann/hdd/research/engines/Urho3D/Source/ThirdParty/Assimp/code/STEPFile.h,2,3,5
/media/ullmann/hdd/research/engines/Urho3D/Source/ThirdParty/Assimp/code/ObjFileImporter.cpp,4,0,4
/media/ullmann/hdd/research/engines/Urho3D/include/Urho3D/AngelScript/Manual_Resource.h,4,1,5
/media/ullmann/hdd/research/engines/Urho3D/Source/ThirdParty/Assimp/code/CSMLoader.cpp,4,0,4
/media/ullmann/hdd/research/engines/Urho3D/Source/ThirdParty/Assimp/code/X3DVocabulary.cpp,1,0,1
/media/ullmann/hdd/research/engines/Urho3D/Source/ThirdParty/SDL/src/power/linux/SDL_syspower.c,3,0,3
/media/ullmann/hdd/research/engines/Urho3D/Source/ThirdParty/SDL/src/power/SDL_syspower.h,1,3,4
/media/ullmann/hdd/research/engines/Urho3D/Source/Samples/99_Benchmark/AppState_Benchmark03.cpp,3,0,3
/media/ullmann/hdd/research/engines/Urho3D/Source/Samples/99_Benchmark/Benchmark03_MoleculeLogic.h,0,2,2
/media/ullmann/hdd/research/engines/Urho3D/Source/Urho3D/Graphics/OctreeQuery.cpp,3,0,3
/media/ullmann/hdd/research/engines/Urho3D/Source/ThirdParty/Assimp/code/MakeVerboseFormat.h,1,5,6
/media/ullmann/hdd/research/engines/Urho3D/Source/ThirdParty/SLikeNet/Source/slikenet/DS_MemoryPool.h,1,0,1
/media/ullmann/hdd/research/engines/Urho3D/Source/ThirdParty/Bullet/src/BulletCollision/Gimpact/btBoxCollision.h,0,4,4
/media/ullmann/hdd/research/engines/Urho3D/Source/ThirdParty/SLikeNet/Source/slikenet/InternalPacket.h,1,0,1
/media/ullmann/hdd/research/engines/Urho3D/Source/ThirdParty/SLikeNet/Source/FullyConnectedMesh2.h,1,0,1
/media/ullmann/hdd/research/engines/Urho3D/Source/ThirdParty/SLikeNet/Source/DS_Hash.h,1,0,1
/media/ullmann/hdd/research/engines/Urho3D/Source/ThirdParty/SLikeNet/Source/slikenet/RPC4Plugin.h,1,0,1
/media/ullmann/hdd/research/engines/Urho3D/Source/ThirdParty/Assimp/code/AssbinLoader.cpp,3,0,3
/media/ullmann/hdd/research/engines/Urho3D/Source/ThirdParty/Assimp/code/AssbinLoader.h,1,2,3
/media/ullmann/hdd/research/engines/Urho3D/Source/ThirdParty/SLikeNet/Source/slikenet/ThreadsafePacketLogger.h,1,0,1
/media/ullmann/hdd/research/engines/Urho3D/Source/ThirdParty/SLikeNet/Source/PacketOutputWindowLogger.h,1,0,1
/media/ullmann/hdd/research/engines/Urho3D/Source/ThirdParty/Box2D/include/box2d/b2_weld_joint.h,2,1,3
/media/ullmann/hdd/research/engines/Urho3D/Source/ThirdParty/SLikeNet/Source/slikenet/Router2.h,1,0,1
/media/ullmann/hdd/research/engines/Urho3D/Source/ThirdParty/Bullet/src/BulletDynamics/Dynamics/btActionInterface.h,1,0,1
/media/ullmann/hdd/research/engines/Urho3D/Source/ThirdParty/Bullet/src/BulletDynamics/Dynamics/btRigidBody.h,0,3,3
/media/ullmann/hdd/research/engines/Urho3D/include/Urho3D/ThirdParty/slikenet/socket2.h,0,3,3
/media/ullmann/hdd/research/engines/Urho3D/Source/ThirdParty/Bullet/src/LinearMath/btAabbUtil2.h,3,0,3
/media/ullmann/hdd/research/engines/Urho3D/Source/ThirdParty/SLikeNet/Source/include/slikenet/ConsoleServer.h,5,2,7
/media/ullmann/hdd/research/engines/Urho3D/Source/ThirdParty/Assimp/code/AMFImporter.hpp,3,5,8
/media/ullmann/hdd/research/engines/Urho3D/Source/ThirdParty/SDL/src/video/vivante/SDL_vivanteplatform.c,2,0,2
/media/ullmann/hdd/research/engines/Urho3D/Source/ThirdParty/WebP/src/dsp/filters_msa.c,2,0,2
/media/ullmann/hdd/research/engines/Urho3D/Source/ThirdParty/SLikeNet/Source/src/RakThread.cpp,5,0,5
/media/ullmann/hdd/research/engines/Urho3D/include/Urho3D/UI/FontFaceBitmap.h,1,1,2
/media/ullmann/hdd/research/engines/Urho3D/Source/ThirdParty/FreeType/src/sfnt/ttload.c,2,1,3
/media/ullmann/hdd/research/engines/Urho3D/include/Urho3D/Audio/AudioEvents.h,1,0,1
/media/ullmann/hdd/research/engines/Urho3D/Source/ThirdParty/FreeType/src/bdf/bdf.c,2,0,2
/media/ullmann/hdd/research/engines/Urho3D/Source/Urho3D/Core/Variant.cpp,3,0,3
/media/ullmann/hdd/research/engines/Urho3D/Source/ThirdParty/SDL/src/render/direct3d/SDL_shaders_d3d.c,3,0,3
/media/ullmann/hdd/research/engines/Urho3D/Source/ThirdParty/Bullet/src/BulletCollision/CollisionShapes/btConcaveShape.cpp,1,0,1
/media/ullmann/hdd/research/engines/Urho3D/Source/Urho3D/GraphicsAPI/Direct3D9/D3D9IndexBuffer.cpp,7,0,7
/media/ullmann/hdd/research/engines/Urho3D/Source/ThirdParty/SDL/src/video/winrt/SDL_winrtmouse_c.h,0,3,3
/media/ullmann/hdd/research/engines/Urho3D/Source/ThirdParty/SLikeNet/Source/include/slikenet/ConnectionGraph2.h,8,2,10
/media/ullmann/hdd/research/engines/Urho3D/Source/ThirdParty/SDL/src/video/khronos/vulkan/vulkan_win32.h,0,1,1
/media/ullmann/hdd/research/engines/Urho3D/Source/ThirdParty/Bullet/src/BulletCollision/CollisionShapes/btBox2dShape.cpp,1,0,1
/media/ullmann/hdd/research/engines/Urho3D/Source/ThirdParty/Bullet/src/BulletCollision/CollisionShapes/btBox2dShape.h,0,1,1
/media/ullmann/hdd/research/engines/Urho3D/Source/ThirdParty/Assimp/code/AMFImporter_Material.cpp,2,0,2
/media/ullmann/hdd/research/engines/Urho3D/Source/ThirdParty/Bullet/src/BulletDynamics/Featherstone/btMultiBodyPoint2Point.cpp,2,0,2
/media/ullmann/hdd/research/engines/Urho3D/Source/ThirdParty/Assimp/code/Hash.h,0,3,3
/media/ullmann/hdd/research/engines/Urho3D/Source/Samples/31_MaterialAnimation/MaterialAnimation.cpp,1,0,1
/media/ullmann/hdd/research/engines/Urho3D/Source/Samples/31_MaterialAnimation/MaterialAnimation.h,1,1,2
/media/ullmann/hdd/research/engines/Urho3D/script/build/include/Urho3D/UI/MessageBox.h,1,1,2
/media/ullmann/hdd/research/engines/Urho3D/include/Urho3D/ThirdParty/slikenet/PacketizedTCP.h,0,4,4
/media/ullmann/hdd/research/engines/Urho3D/Source/Urho3D/Scene/SceneResolver.cpp,6,0,6
/media/ullmann/hdd/research/engines/Urho3D/Source/ThirdParty/SDL/src/video/khronos/vulkan/vulkan_android.h,0,1,1
/media/ullmann/hdd/research/engines/Urho3D/include/Urho3D/ThirdParty/rapidjson/internal/regex.h,3,1,4
/media/ullmann/hdd/research/engines/Urho3D/Source/ThirdParty/Assimp/code/MD3FileData.h,1,2,3
/media/ullmann/hdd/research/engines/Urho3D/Source/ThirdParty/SLikeNet/Source/include/slikenet/UDPProxyCommon.h,0,3,3
/media/ullmann/hdd/research/engines/Urho3D/Source/ThirdParty/FreeType/src/smooth/ftsmerrs.h,0,3,3
/media/ullmann/hdd/research/engines/Urho3D/Source/ThirdParty/LuaJIT/src/lj_strscan.c,3,1,4
/media/ullmann/hdd/research/engines/Urho3D/Source/ThirdParty/SLikeNet/Source/src/CCRakNetSlidingWindow.cpp,4,0,4
/media/ullmann/hdd/research/engines/Urho3D/Source/ThirdParty/WebP/src/dsp/common_sse2.h,0,7,7
/media/ullmann/hdd/research/engines/Urho3D/Source/ThirdParty/SLikeNet/Source/ConnectionGraph2.h,1,0,1
/media/ullmann/hdd/research/engines/Urho3D/Source/ThirdParty/Assimp/code/OgreParsingUtils.h,1,3,4
/media/ullmann/hdd/research/engines/Urho3D/Source/ThirdParty/SDL/src/core/windows/SDL_directx.h,2,3,5
/media/ullmann/hdd/research/engines/Urho3D/include/Urho3D/ThirdParty/SDL/SDL_opengles2.h,5,0,5
/media/ullmann/hdd/research/engines/Urho3D/include/Urho3D/ThirdParty/SDL/SDL_opengles2_gl2platform.h,0,1,1
/media/ullmann/hdd/research/engines/Urho3D/Source/Samples/06_SkeletalAnimation/Mover.cpp,1,0,1
/media/ullmann/hdd/research/engines/Urho3D/Source/Samples/06_SkeletalAnimation/Mover.h,0,2,2
/media/ullmann/hdd/research/engines/Urho3D/Source/ThirdParty/SDL/include/SDL_mouse.h,5,1,6
/media/ullmann/hdd/research/engines/Urho3D/Source/ThirdParty/FreeType/src/type42/t42parse.c,2,1,3
/media/ullmann/hdd/research/engines/Urho3D/Source/Samples/22_LuaIntegration/LuaIntegration.h,1,1,2
/media/ullmann/hdd/research/engines/Urho3D/Source/Urho3D/Audio/OggVorbisSoundStream.h,2,3,5
/media/ullmann/hdd/research/engines/Urho3D/Source/Urho3D/UI/FileSelector.h,1,4,5
/media/ullmann/hdd/research/engines/Urho3D/Source/ThirdParty/Assimp/code/JoinVerticesProcess.h,1,3,4
/media/ullmann/hdd/research/engines/Urho3D/Source/ThirdParty/Assimp/code/SplitByBoneCountProcess.h,1,2,3
/media/ullmann/hdd/research/engines/Urho3D/Source/ThirdParty/Bullet/src/BulletCollision/Gimpact/gim_geom_types.h,1,1,2
/media/ullmann/hdd/research/engines/Urho3D/Source/ThirdParty/Bullet/src/BulletCollision/Gimpact/gim_math.h,0,3,3
/media/ullmann/hdd/research/engines/Urho3D/Source/ThirdParty/WebP/src/mux/muxedit.c,2,0,2
/media/ullmann/hdd/research/engines/Urho3D/Source/ThirdParty/Assimp/code/DXFLoader.h,1,2,3
/media/ullmann/hdd/research/engines/Urho3D/Source/Urho3D/IK/IKConverters.h,2,3,5
/media/ullmann/hdd/research/engines/Urho3D/Source/ThirdParty/SDL/src/thread/pthread/SDL_systhread_c.h,1,1,2
/media/ullmann/hdd/research/engines/Urho3D/Source/ThirdParty/Assimp/contrib/rapidjson/include/rapidjson/internal/biginteger.h,1,1,2
/media/ullmann/hdd/research/engines/Urho3D/Source/ThirdParty/SLikeNet/Source/include/slikenet/defineoverrides.h,0,3,3
/media/ullmann/hdd/research/engines/Urho3D/script/build/include/Urho3D/LuaScript/LuaScriptEventInvoker.h,1,0,1
/media/ullmann/hdd/research/engines/Urho3D/include/Urho3D/IO/Deserializer.h,3,3,6
/media/ullmann/hdd/research/engines/Urho3D/Source/ThirdParty/LuaJIT/src/lj_asm_arm.h,0,1,1
/media/ullmann/hdd/research/engines/Urho3D/Source/ThirdParty/FreeType/src/cff/cffobjs.c,5,1,6
/media/ullmann/hdd/research/engines/Urho3D/include/Urho3D/Network/Protocol.h,0,1,1
/media/ullmann/hdd/research/engines/Urho3D/Source/ThirdParty/SDL/src/SDL_log.c,2,0,2
/media/ullmann/hdd/research/engines/Urho3D/Source/ThirdParty/WebP/src/dec/tree_dec.c,2,0,2
/media/ullmann/hdd/research/engines/Urho3D/Source/ThirdParty/Assimp/code/IFCLoader.cpp,4,0,4
/media/ullmann/hdd/research/engines/Urho3D/Source/ThirdParty/LuaJIT/src/lib_os.c,9,1,10
/media/ullmann/hdd/research/engines/Urho3D/Source/ThirdParty/SLikeNet/Source/src/NetworkIDObject.cpp,4,0,4
/media/ullmann/hdd/research/engines/Urho3D/Source/ThirdParty/SDL/src/libm/k_tan.c,2,0,2
/media/ullmann/hdd/research/engines/Urho3D/Source/Urho3D/AngelScript/Manual_Database.cpp,4,0,4
/media/ullmann/hdd/research/engines/Urho3D/include/Urho3D/ThirdParty/slikenet/PacketLogger.h,0,3,3
/media/ullmann/hdd/research/engines/Urho3D/Source/ThirdParty/SLikeNet/Source/slikenet/FileList.h,1,0,1
/media/ullmann/hdd/research/engines/Urho3D/include/Urho3D/Graphics/StaticModelGroup.h,1,1,2
/media/ullmann/hdd/research/engines/Urho3D/Source/Urho3D/Scene/UnknownComponent.cpp,9,0,9
/media/ullmann/hdd/research/engines/Urho3D/include/Urho3D/ThirdParty/box2d/b2_prismatic_joint.h,0,3,3
/media/ullmann/hdd/research/engines/Urho3D/Source/ThirdParty/Bullet/src/BulletDynamics/ConstraintSolver/btSequentialImpulseConstraintSolver.cpp,1,0,1
/media/ullmann/hdd/research/engines/Urho3D/Source/ThirdParty/SDL/src/render/direct3d11/SDL_shaders_d3d11.c,3,0,3
/media/ullmann/hdd/research/engines/Urho3D/Source/ThirdParty/Bullet/src/BulletDynamics/MLCPSolvers/btLemkeAlgorithm.cpp,1,0,1
/media/ullmann/hdd/research/engines/Urho3D/Source/Urho3D/Physics2D/ConstraintGear2D.h,1,3,4
/media/ullmann/hdd/research/engines/Urho3D/Source/ThirdParty/Assimp/code/X3DImporter_Metadata.cpp,2,0,2
/media/ullmann/hdd/research/engines/Urho3D/Source/ThirdParty/FreeType/src/type1/t1load.c,3,1,4
/media/ullmann/hdd/research/engines/Urho3D/Source/ThirdParty/FreeType/src/type1/t1tokens.h,0,1,1
/media/ullmann/hdd/research/engines/Urho3D/include/Urho3D/Database/ODBC/ODBCResult.h,1,1,2
/media/ullmann/hdd/research/engines/Urho3D/Source/ThirdParty/SDL/src/video/wayland/SDL_waylandtouch.h,3,3,6
/media/ullmann/hdd/research/engines/Urho3D/Source/Urho3D/IO/PackageFile.cpp,4,0,4
/media/ullmann/hdd/research/engines/Urho3D/Source/ThirdParty/AngelScript/source/as_callfunc_mips.cpp,6,0,6
/media/ullmann/hdd/research/engines/Urho3D/Source/ThirdParty/Assimp/contrib/clipper/clipper.hpp,0,3,3
/media/ullmann/hdd/research/engines/Urho3D/Source/ThirdParty/SLikeNet/Source/slikenet/TwoWayAuthentication.h,1,0,1
/media/ullmann/hdd/research/engines/Urho3D/Source/ThirdParty/SDL/src/thread/pthread/SDL_syssem.c,2,0,2
/media/ullmann/hdd/research/engines/Urho3D/Source/ThirdParty/Assimp/code/Assimp.cpp,6,0,6
/media/ullmann/hdd/research/engines/Urho3D/script/build/include/Urho3D/GraphicsAPI/TextureCube.h,3,2,5
/media/ullmann/hdd/research/engines/Urho3D/include/Urho3D/Physics2D/ConstraintPrismatic2D.h,1,1,2
/media/ullmann/hdd/research/engines/Urho3D/script/build/include/Urho3D/Physics/RigidBody.h,2,3,5
/media/ullmann/hdd/research/engines/Urho3D/script/build/include/Urho3D/AngelScript/Manual_IO.h,3,1,4
/media/ullmann/hdd/research/engines/Urho3D/script/build/include/Urho3D/AngelScript/Script.h,2,1,3
/media/ullmann/hdd/research/engines/Urho3D/Source/Urho3D/UI/Menu.h,1,3,4
/media/ullmann/hdd/research/engines/Urho3D/Source/ThirdParty/FreeType/src/cid/cidparse.c,2,1,3
/media/ullmann/hdd/research/engines/Urho3D/Source/ThirdParty/Bullet/src/BulletDynamics/Dynamics/btSimulationIslandManagerMt.cpp,1,0,1
/media/ullmann/hdd/research/engines/Urho3D/Source/ThirdParty/Bullet/src/BulletDynamics/Dynamics/btSimulationIslandManagerMt.h,0,3,3
/media/ullmann/hdd/research/engines/Urho3D/Source/ThirdParty/Assimp/contrib/zlib/infback.c,5,0,5
/media/ullmann/hdd/research/engines/Urho3D/Source/ThirdParty/Assimp/contrib/zlib/inffast.h,0,3,3
/media/ullmann/hdd/research/engines/Urho3D/Source/ThirdParty/Assimp/code/IFCUtil.cpp,3,0,3
/media/ullmann/hdd/research/engines/Urho3D/Source/ThirdParty/SDL/src/video/kmsdrm/SDL_kmsdrmmouse.h,1,2,3
/media/ullmann/hdd/research/engines/Urho3D/Source/ThirdParty/SLikeNet/Source/slikenet/NatPunchthroughClient.h,1,0,1
/media/ullmann/hdd/research/engines/Urho3D/Source/ThirdParty/WebP/src/dec/frame_dec.c,2,0,2
/media/ullmann/hdd/research/engines/Urho3D/Source/ThirdParty/Bullet/src/BulletCollision/CollisionDispatch/btCollisionWorldImporter.cpp,1,0,1
/media/ullmann/hdd/research/engines/Urho3D/Source/ThirdParty/Bullet/src/BulletCollision/CollisionDispatch/btCollisionWorldImporter.h,0,1,1
/media/ullmann/hdd/research/engines/Urho3D/Source/ThirdParty/SDL/src/audio/fusionsound/SDL_fsaudio.h,2,1,3
/media/ullmann/hdd/research/engines/Urho3D/Source/ThirdParty/Assimp/code/HMPFileData.h,2,1,3
/media/ullmann/hdd/research/engines/Urho3D/Source/Urho3D/Physics2D/ConstraintGear2D.cpp,6,0,6
/media/ullmann/hdd/research/engines/Urho3D/Source/ThirdParty/FreeType/src/truetype/ttsubpix.c,1,1,2
/media/ullmann/hdd/research/engines/Urho3D/Source/ThirdParty/SDL/src/video/emscripten/SDL_emscriptenopengles.c,3,0,3
/media/ullmann/hdd/research/engines/Urho3D/Source/ThirdParty/Tracy/common/tracy_lz4.cpp,1,2,3
/media/ullmann/hdd/research/engines/Urho3D/Source/ThirdParty/FreeType/src/cid/cidload.h,1,3,4
/media/ullmann/hdd/research/engines/Urho3D/include/Urho3D/Resource/XMLFile.h,2,3,5
/media/ullmann/hdd/research/engines/Urho3D/Source/ThirdParty/Assimp/code/MDCFileData.h,0,1,1
/media/ullmann/hdd/research/engines/Urho3D/Source/ThirdParty/DetourCrowd/Include/DetourPathCorridor.h,0,1,1
/media/ullmann/hdd/research/engines/Urho3D/Source/Urho3D/Core/Mutex.cpp,3,0,3
/media/ullmann/hdd/research/engines/Urho3D/Source/ThirdParty/AngelScript/source/as_string_util.h,1,6,7
/media/ullmann/hdd/research/engines/Urho3D/Source/ThirdParty/SLikeNet/Source/RakPeerInterface.h,1,0,1
/media/ullmann/hdd/research/engines/Urho3D/Source/Urho3D/Input/Controls.h,1,3,4
/media/ullmann/hdd/research/engines/Urho3D/Source/ThirdParty/SDL/src/thread/stdcpp/SDL_systhread_c.h,0,2,2
/media/ullmann/hdd/research/engines/Urho3D/Source/ThirdParty/SLikeNet/Source/slikenet/TableSerializer.h,1,0,1
/media/ullmann/hdd/research/engines/Urho3D/Source/ThirdParty/SLikeNet/Source/src/StatisticsHistory.cpp,5,0,5
/media/ullmann/hdd/research/engines/Urho3D/script/build/include/Urho3D/Audio/AudioDefs.h,1,3,4
/media/ullmann/hdd/research/engines/Urho3D/Source/Urho3D/AngelScript/Manual_Physics.h,5,2,7
/media/ullmann/hdd/research/engines/Urho3D/Source/ThirdParty/SDL/src/joystick/SDL_gamecontroller.c,5,0,5
/media/ullmann/hdd/research/engines/Urho3D/include/Urho3D/UI/Cursor.h,3,3,6
/media/ullmann/hdd/research/engines/Urho3D/Source/ThirdParty/Bullet/src/BulletCollision/CollisionShapes/btConvexTriangleMeshShape.cpp,1,0,1
/media/ullmann/hdd/research/engines/Urho3D/Source/ThirdParty/Bullet/src/BulletCollision/CollisionShapes/btConvexTriangleMeshShape.h,1,2,3
/media/ullmann/hdd/research/engines/Urho3D/Source/ThirdParty/SLikeNet/Source/LogCommandParser.h,1,0,1
/media/ullmann/hdd/research/engines/Urho3D/Source/ThirdParty/SDL/src/video/haiku/SDL_bopengl.cc,4,0,4
/media/ullmann/hdd/research/engines/Urho3D/include/Urho3D/Graphics/Terrain.h,2,1,3
/media/ullmann/hdd/research/engines/Urho3D/script/build/include/Urho3D/Resource/PListFile.h,1,0,1
/media/ullmann/hdd/research/engines/Urho3D/Source/ThirdParty/Assimp/code/SceneCombiner.cpp,4,0,4
/media/ullmann/hdd/research/engines/Urho3D/Source/Samples/39_CrowdNavigation/CrowdNavigation.cpp,1,0,1
/media/ullmann/hdd/research/engines/Urho3D/Source/Samples/39_CrowdNavigation/CrowdNavigation.h,1,1,2
/media/ullmann/hdd/research/engines/Urho3D/Source/ThirdParty/SLikeNet/Source/slikenet/TeamBalancer.h,1,0,1
/media/ullmann/hdd/research/engines/Urho3D/include/Urho3D/ThirdParty/SDL/SDL_config.h,1,5,6
/media/ullmann/hdd/research/engines/Urho3D/script/build/include/Urho3D/ThirdParty/SDL/SDL_render.h,5,2,7
/media/ullmann/hdd/research/engines/Urho3D/script/build/include/Urho3D/UI/Sprite.h,2,1,3
/media/ullmann/hdd/research/engines/Urho3D/Source/Urho3D/AngelScript/Manual_Scene.h,5,2,7
/media/ullmann/hdd/research/engines/Urho3D/Source/ThirdParty/SDL/src/video/directfb/SDL_DirectFB_window.h,2,8,10
/media/ullmann/hdd/research/engines/Urho3D/script/build/include/Urho3D/Resource/Localization.h,2,1,3
/media/ullmann/hdd/research/engines/Urho3D/Source/ThirdParty/Assimp/contrib/rapidjson/include/rapidjson/msinttypes/inttypes.h,1,1,2
/media/ullmann/hdd/research/engines/Urho3D/script/build/include/Urho3D/UI/ProgressBar.h,3,1,4
/media/ullmann/hdd/research/engines/Urho3D/Source/Urho3D/Physics2D/ConstraintPulley2D.h,1,3,4
/media/ullmann/hdd/research/engines/Urho3D/Source/Urho3D/AngelScript/Manual_UI.h,5,2,7
/media/ullmann/hdd/research/engines/Urho3D/Source/ThirdParty/SDL/src/joystick/emscripten/SDL_sysjoystick.c,3,0,3
/media/ullmann/hdd/research/engines/Urho3D/Source/ThirdParty/SDL/src/joystick/emscripten/SDL_sysjoystick_c.h,2,1,3
/media/ullmann/hdd/research/engines/Urho3D/include/Urho3D/IO/MemoryBuffer.h,1,1,2
/media/ullmann/hdd/research/engines/Urho3D/script/build/include/Urho3D/ThirdParty/SDL/SDL_haptic.h,5,1,6
/media/ullmann/hdd/research/engines/Urho3D/Source/ThirdParty/SLikeNet/Source/slikenet/DS_LinkedList.h,1,0,1
/media/ullmann/hdd/research/engines/Urho3D/Source/ThirdParty/Box2D/include/box2d/b2_mouse_joint.h,2,1,3
/media/ullmann/hdd/research/engines/Urho3D/Source/ThirdParty/Assimp/code/glTFImporter.h,1,2,3
/media/ullmann/hdd/research/engines/Urho3D/include/Urho3D/ThirdParty/slikenet/UDPProxyClient.h,0,1,1
/media/ullmann/hdd/research/engines/Urho3D/Source/ThirdParty/Assimp/code/Q3BSPZipArchive.h,0,3,3
/media/ullmann/hdd/research/engines/Urho3D/Source/ThirdParty/Assimp/code/OgreXmlSerializer.cpp,4,0,4
/media/ullmann/hdd/research/engines/Urho3D/Source/ThirdParty/Bullet/src/BulletDynamics/MLCPSolvers/btPATHSolver.h,1,0,1
/media/ullmann/hdd/research/engines/Urho3D/Source/ThirdParty/SDL/src/video/khronos/vulkan/vulkan_xcb.h,0,1,1
/media/ullmann/hdd/research/engines/Urho3D/Source/ThirdParty/SLikeNet/Source/slikenet/VariableListDeltaTracker.h,1,0,1
/media/ullmann/hdd/research/engines/Urho3D/Source/ThirdParty/SLikeNet/Source/include/slikenet/VariableListDeltaTracker.h,4,3,7
/media/ullmann/hdd/research/engines/Urho3D/Source/ThirdParty/WebP/src/dsp/enc_msa.c,3,0,3
/media/ullmann/hdd/research/engines/Urho3D/include/Urho3D/Urho2D/TmxFile2D.h,2,1,3
/media/ullmann/hdd/research/engines/Urho3D/Source/ThirdParty/SLikeNet/Source/ConsoleServer.h,1,0,1
/media/ullmann/hdd/research/engines/Urho3D/script/build/include/Urho3D/Scene/UnknownComponent.h,1,1,2
/media/ullmann/hdd/research/engines/Urho3D/Source/ThirdParty/SDL/src/core/linux/SDL_udev.h,1,5,6
/media/ullmann/hdd/research/engines/Urho3D/include/Urho3D/AngelScript/ScriptFile.h,4,0,4
/media/ullmann/hdd/research/engines/Urho3D/Source/ThirdParty/AngelScript/source/as_scriptobject.h,2,6,8
/media/ullmann/hdd/research/engines/Urho3D/script/build/include/Urho3D/Urho2D/AnimationSet2D.h,2,1,3
/media/ullmann/hdd/research/engines/Urho3D/Source/ThirdParty/FreeType/src/psnames/psmodule.h,0,1,1
/media/ullmann/hdd/research/engines/Urho3D/Source/ThirdParty/FreeType/src/cache/ftcbasic.c,5,1,6
/media/ullmann/hdd/research/engines/Urho3D/Source/ThirdParty/Bullet/src/BulletCollision/Gimpact/btGImpactCollisionAlgorithm.h,1,1,2
/media/ullmann/hdd/research/engines/Urho3D/script/build/include/Urho3D/Math/Matrix3.h,1,3,4
/media/ullmann/hdd/research/engines/Urho3D/script/build/include/Urho3D/ThirdParty/rapidjson/document.h,5,2,7
/media/ullmann/hdd/research/engines/Urho3D/Source/ThirdParty/Assimp/code/D3MFImporter.h,1,2,3
/media/ullmann/hdd/research/engines/Urho3D/Source/ThirdParty/LuaJIT/src/lj_carith.c,11,1,12
/media/ullmann/hdd/research/engines/Urho3D/Source/ThirdParty/Bullet/src/BulletCollision/CollisionShapes/btUniformScalingShape.cpp,1,0,1
/media/ullmann/hdd/research/engines/Urho3D/Source/ThirdParty/Bullet/src/BulletCollision/CollisionShapes/btUniformScalingShape.h,1,2,3
/media/ullmann/hdd/research/engines/Urho3D/Source/ThirdParty/SDL/src/video/khronos/vulkan/vulkan_core.h,1,1,2
/media/ullmann/hdd/research/engines/Urho3D/Source/ThirdParty/Bullet/src/BulletCollision/CollisionShapes/btMiniSDF.cpp,1,0,1
/media/ullmann/hdd/research/engines/Urho3D/Source/ThirdParty/Bullet/src/BulletCollision/CollisionShapes/btMiniSDF.h,0,2,2
/media/ullmann/hdd/research/engines/Urho3D/Source/ThirdParty/FreeType/src/cid/cidriver.h,0,1,1
/media/ullmann/hdd/research/engines/Urho3D/Source/ThirdParty/SDL/include/SDL_platform.h,2,1,3
/media/ullmann/hdd/research/engines/Urho3D/Source/ThirdParty/Bullet/src/BulletSoftBody/btDefaultSoftBodySolver.cpp,1,0,1
/media/ullmann/hdd/research/engines/Urho3D/Source/ThirdParty/Bullet/src/BulletSoftBody/btDefaultSoftBodySolver.h,1,2,3
/media/ullmann/hdd/research/engines/Urho3D/Source/ThirdParty/Assimp/contrib/zip/src/zip.c,2,0,2
/media/ullmann/hdd/research/engines/Urho3D/Source/ThirdParty/Assimp/contrib/zip/src/zip.h,0,1,1
/media/ullmann/hdd/research/engines/Urho3D/Source/ThirdParty/Bullet/src/BulletCollision/CollisionShapes/btTetrahedronShape.h,1,2,3
/media/ullmann/hdd/research/engines/Urho3D/Source/ThirdParty/SLikeNet/Source/RakNetTime.h,1,0,1
/media/ullmann/hdd/research/engines/Urho3D/Source/ThirdParty/SDL/src/SDL_assert_c.h,0,2,2
/media/ullmann/hdd/research/engines/Urho3D/Source/Urho3D/Urho2D/Urho2D.h,0,5,5
/media/ullmann/hdd/research/engines/Urho3D/include/Urho3D/Graphics/TerrainPatch.h,1,1,2
/media/ullmann/hdd/research/engines/Urho3D/Source/Urho3D/Physics/PhysicsEvents.h,1,5,6
/media/ullmann/hdd/research/engines/Urho3D/Source/ThirdParty/SQLite/src/shell.c,1,0,1
/media/ullmann/hdd/research/engines/Urho3D/Source/ThirdParty/SQLite/src/sqlite3.h,0,2,2
/media/ullmann/hdd/research/engines/Urho3D/Source/ThirdParty/FreeType/src/pcf/pcf.h,0,2,2
/media/ullmann/hdd/research/engines/Urho3D/include/Urho3D/Navigation/NavBuildData.h,3,1,4
/media/ullmann/hdd/research/engines/Urho3D/Source/ThirdParty/Bullet/src/BulletDynamics/Featherstone/btMultiBodyDynamicsWorld.h,0,1,1
/media/ullmann/hdd/research/engines/Urho3D/Source/ThirdParty/FreeType/src/pfr/pfrtypes.h,0,3,3
/media/ullmann/hdd/research/engines/Urho3D/include/Urho3D/Physics2D/ConstraintWheel2D.h,1,1,2
/media/ullmann/hdd/research/engines/Urho3D/Source/ThirdParty/Bullet/src/BulletCollision/CollisionShapes/btSdfCollisionShape.cpp,2,0,2
/media/ullmann/hdd/research/engines/Urho3D/script/build/include/Urho3D/IO/IOEvents.h,1,0,1
/media/ullmann/hdd/research/engines/Urho3D/script/build/include/Urho3D/ThirdParty/ik/node.h,4,0,4
/media/ullmann/hdd/research/engines/Urho3D/Source/ThirdParty/Box2D/include/box2d/b2_stack_allocator.h,2,1,3
/media/ullmann/hdd/research/engines/Urho3D/Source/ThirdParty/SLikeNet/Source/DS_OrderedList.h,1,0,1
/media/ullmann/hdd/research/engines/Urho3D/script/build/include/Urho3D/UI/Window.h,1,2,3
/media/ullmann/hdd/research/engines/Urho3D/include/Urho3D/UI/View3D.h,1,1,2
/media/ullmann/hdd/research/engines/Urho3D/include/Urho3D/UI/Window.h,1,2,3
/media/ullmann/hdd/research/engines/Urho3D/Source/ThirdParty/SLikeNet/Source/slikenet/DS_Tree.h,1,0,1
/media/ullmann/hdd/research/engines/Urho3D/Source/ThirdParty/Bullet/src/BulletDynamics/ConstraintSolver/btUniversalConstraint.cpp,1,0,1
/media/ullmann/hdd/research/engines/Urho3D/Source/ThirdParty/Bullet/src/BulletDynamics/ConstraintSolver/btUniversalConstraint.h,2,2,4
/media/ullmann/hdd/research/engines/Urho3D/include/Urho3D/Graphics/OcclusionBuffer.h,5,1,6
/media/ullmann/hdd/research/engines/Urho3D/Source/ThirdParty/SDL/src/events/SDL_quit.c,2,0,2
/media/ullmann/hdd/research/engines/Urho3D/Source/Urho3D/Audio/SoundStream.h,1,5,6
/media/ullmann/hdd/research/engines/Urho3D/include/Urho3D/Core/StringUtils.h,1,2,3
/media/ullmann/hdd/research/engines/Urho3D/script/build/include/Urho3D/ThirdParty/rapidjson/memorystream.h,1,2,3
/media/ullmann/hdd/research/engines/Urho3D/Source/ThirdParty/Assimp/code/MMDImporter.h,2,2,4
/media/ullmann/hdd/research/engines/Urho3D/Source/ThirdParty/SDL/src/video/android/SDL_androidmessagebox.c,3,0,3
/media/ullmann/hdd/research/engines/Urho3D/Source/ThirdParty/FreeType/src/type1/t1driver.h,0,1,1
/media/ullmann/hdd/research/engines/Urho3D/Source/ThirdParty/SLikeNet/Source/slikenet/time.h,1,0,1
/media/ullmann/hdd/research/engines/Urho3D/include/Urho3D/AngelScript/ScriptInstance.h,2,1,3
/media/ullmann/hdd/research/engines/Urho3D/Source/Urho3D/GraphicsAPI/ConstantBuffer.cpp,5,0,5
/media/ullmann/hdd/research/engines/Urho3D/include/Urho3D/Math/Matrix2.h,1,1,2
/media/ullmann/hdd/research/engines/Urho3D/Source/ThirdParty/Assimp/code/FBXModel.cpp,5,0,5
/media/ullmann/hdd/research/engines/Urho3D/Source/ThirdParty/SLikeNet/Source/src/RakNetSocket2_Windows_Linux_360.cpp,1,1,2
/media/ullmann/hdd/research/engines/Urho3D/Source/ThirdParty/Assimp/contrib/zlib/inftrees.h,0,4,4
/media/ullmann/hdd/research/engines/Urho3D/Source/ThirdParty/Assimp/code/MaterialSystem.h,0,3,3
/media/ullmann/hdd/research/engines/Urho3D/include/Urho3D/UI/ToolTip.h,2,1,3
/media/ullmann/hdd/research/engines/Urho3D/Source/ThirdParty/SDL/src/video/android/SDL_androidtouch.c,5,0,5
/media/ullmann/hdd/research/engines/Urho3D/Source/ThirdParty/Detour/Include/DetourNode.h,1,0,1
/media/ullmann/hdd/research/engines/Urho3D/Source/ThirdParty/Detour/Include/DetourNavMesh.h,2,2,4
/media/ullmann/hdd/research/engines/Urho3D/Source/Urho3D/AngelScript/Manual_Physics2D.cpp,4,0,4
/media/ullmann/hdd/research/engines/Urho3D/Source/ThirdParty/FreeType/src/type1/t1objs.h,0,2,2
/media/ullmann/hdd/research/engines/Urho3D/Source/ThirdParty/FreeType/src/truetype/ttinterp.c,4,1,5
/media/ullmann/hdd/research/engines/Urho3D/Source/ThirdParty/SLikeNet/Source/include/slikenet/CloudClient.h,5,2,7
/media/ullmann/hdd/research/engines/Urho3D/Source/ThirdParty/SDL/src/video/haiku/SDL_bevents.h,1,2,3
/media/ullmann/hdd/research/engines/Urho3D/Source/ThirdParty/Assimp/code/PlyExporter.cpp,3,0,3
/media/ullmann/hdd/research/engines/Urho3D/Source/ThirdParty/FreeType/src/type1/type1.c,6,0,6
/media/ullmann/hdd/research/engines/Urho3D/Source/ThirdParty/FreeType/src/type1/t1objs.c,4,1,5
/media/ullmann/hdd/research/engines/Urho3D/Source/ThirdParty/FreeType/src/truetype/ttdriver.h,0,1,1
/media/ullmann/hdd/research/engines/Urho3D/Source/ThirdParty/SDL/src/video/wayland/SDL_waylanddyn.c,3,0,3
/media/ullmann/hdd/research/engines/Urho3D/Source/ThirdParty/AngelScript/include/angelscript.h,0,1,1
/media/ullmann/hdd/research/engines/Urho3D/Source/ThirdParty/Box2D/include/box2d/b2_fixture.h,4,2,6
/media/ullmann/hdd/research/engines/Urho3D/Source/ThirdParty/WebP/src/dsp/dec.c,3,0,3
/media/ullmann/hdd/research/engines/Urho3D/Source/ThirdParty/SDL/src/events/SDL_gesture.c,3,0,3
/media/ullmann/hdd/research/engines/Urho3D/Source/ThirdParty/SLikeNet/Source/src/ReplicaManager3.cpp,6,0,6
/media/ullmann/hdd/research/engines/Urho3D/Source/ThirdParty/SLikeNet/Source/slikenet/DS_HuffmanEncodingTreeFactory.h,1,0,1
/media/ullmann/hdd/research/engines/Urho3D/script/build/include/Urho3D/Container/Iter.h,1,1,2
/media/ullmann/hdd/research/engines/Urho3D/Source/ThirdParty/SLikeNet/Source/slikenet/DS_HuffmanEncodingTreeNode.h,1,0,1
/media/ullmann/hdd/research/engines/Urho3D/Source/ThirdParty/FreeType/src/truetype/ttpic.h,0,2,2
/media/ullmann/hdd/research/engines/Urho3D/include/Urho3D/ThirdParty/slikenet/ReliabilityLayer.h,0,1,1
/media/ullmann/hdd/research/engines/Urho3D/Source/ThirdParty/Assimp/contrib/Open3DGC/o3dgcSC3DMCDecoder.inl,0,1,1
/media/ullmann/hdd/research/engines/Urho3D/include/Urho3D/ThirdParty/box2d/b2_joint.h,0,2,2
/media/ullmann/hdd/research/engines/Urho3D/Source/ThirdParty/FreeType/src/smooth/ftsmooth.h,0,1,1
/media/ullmann/hdd/research/engines/Urho3D/Source/ThirdParty/SLikeNet/Source/DS_QueueLinkedList.h,1,0,1
/media/ullmann/hdd/research/engines/Urho3D/Source/ThirdParty/FreeType/src/cff/cf2arrst.h,1,2,3
/media/ullmann/hdd/research/engines/Urho3D/include/Urho3D/ThirdParty/box2d/b2_motor_joint.h,0,2,2
/media/ullmann/hdd/research/engines/Urho3D/Source/ThirdParty/Assimp/contrib/poly2tri/poly2tri/sweep/sweep.cc,4,0,4
/media/ullmann/hdd/research/engines/Urho3D/Source/ThirdParty/Assimp/contrib/poly2tri/poly2tri/common/utils.h,0,1,1
/media/ullmann/hdd/research/engines/Urho3D/Source/ThirdParty/SDL/src/joystick/linux/SDL_sysjoystick.c,8,0,8
/media/ullmann/hdd/research/engines/Urho3D/Source/ThirdParty/SDL/src/video/kmsdrm/SDL_kmsdrmopengles.h,3,2,5
/media/ullmann/hdd/research/engines/Urho3D/Source/ThirdParty/Box2D/include/box2d/b2_types.h,0,1,1
/media/ullmann/hdd/research/engines/Urho3D/script/build/include/Urho3D/GraphicsAPI/Direct3D11/D3D11ShaderProgram.h,4,1,5
/media/ullmann/hdd/research/engines/Urho3D/Source/Samples/16_Chat/Chat.cpp,1,0,1
/media/ullmann/hdd/research/engines/Urho3D/Source/ThirdParty/SLikeNet/Source/slikenet/CloudClient.h,1,0,1
/media/ullmann/hdd/research/engines/Urho3D/script/build/include/Urho3D/IO/FileSystem.h,3,2,5
/media/ullmann/hdd/research/engines/Urho3D/Source/ThirdParty/SDL/src/haptic/android/SDL_syshaptic.c,6,0,6
/media/ullmann/hdd/research/engines/Urho3D/Source/ThirdParty/SDL/src/audio/wasapi/SDL_wasapi.h,2,3,5
/media/ullmann/hdd/research/engines/Urho3D/Source/ThirdParty/SDL/src/main/haiku/SDL_BeApp.h,1,3,4
/media/ullmann/hdd/research/engines/Urho3D/Source/ThirdParty/SDL/src/events/SDL_mouse.c,4,0,4
/media/ullmann/hdd/research/engines/Urho3D/Source/ThirdParty/Bullet/src/BulletDynamics/Dynamics/btDiscreteDynamicsWorldMt.h,2,1,3
/media/ullmann/hdd/research/engines/Urho3D/Source/ThirdParty/Assimp/contrib/zlib/compress.c,1,0,1
/media/ullmann/hdd/research/engines/Urho3D/Source/ThirdParty/SLikeNet/Source/include/slikenet/VariableDeltaSerializer.h,6,2,8
/media/ullmann/hdd/research/engines/Urho3D/Source/ThirdParty/Box2D/include/box2d/b2_motor_joint.h,2,1,3
/media/ullmann/hdd/research/engines/Urho3D/Source/ThirdParty/Bullet/src/LinearMath/btConvexHullComputer.cpp,4,0,4
/media/ullmann/hdd/research/engines/Urho3D/Source/ThirdParty/SDL/src/audio/dsp/SDL_dspaudio.c,4,0,4
/media/ullmann/hdd/research/engines/Urho3D/include/Urho3D/Physics2D/CollisionShape2D.h,1,6,7
/media/ullmann/hdd/research/engines/Urho3D/Source/ThirdParty/SDL/src/video/android/SDL_androidevents.h,2,2,4
/media/ullmann/hdd/research/engines/Urho3D/Source/ThirdParty/MojoShader/mojoshader.h,0,1,1
/media/ullmann/hdd/research/engines/Urho3D/include/Urho3D/Physics2D/CollisionEdge2D.h,1,1,2
/media/ullmann/hdd/research/engines/Urho3D/Source/ThirdParty/SLikeNet/Source/src/PacketOutputWindowLogger.cpp,5,0,5
/media/ullmann/hdd/research/engines/Urho3D/include/Urho3D/ThirdParty/slikenet/PacketOutputWindowLogger.h,0,1,1
/media/ullmann/hdd/research/engines/Urho3D/Source/ThirdParty/Box2D/src/dynamics/b2_polygon_contact.cpp,6,0,6
/media/ullmann/hdd/research/engines/Urho3D/Source/ThirdParty/Box2D/src/dynamics/b2_polygon_contact.h,1,2,3
/media/ullmann/hdd/research/engines/Urho3D/Source/ThirdParty/Assimp/contrib/Open3DGC/o3dgcDynamicVectorEncoder.h,3,1,4
/media/ullmann/hdd/research/engines/Urho3D/Source/ThirdParty/Assimp/code/StepExporter.cpp,6,0,6
/media/ullmann/hdd/research/engines/Urho3D/include/Urho3D/ThirdParty/rapidjson/internal/strtod.h,4,1,5
/media/ullmann/hdd/research/engines/Urho3D/Source/ThirdParty/SDL/src/video/SDL_yuv_c.h,1,2,3
/media/ullmann/hdd/research/engines/Urho3D/Source/Urho3D/IK/IK.cpp,4,0,4
/media/ullmann/hdd/research/engines/Urho3D/Source/Urho3D/IK/IK.h,0,4,4
/media/ullmann/hdd/research/engines/Urho3D/Source/ThirdParty/WebP/src/dsp/filters_sse2.c,1,0,1
/media/ullmann/hdd/research/engines/Urho3D/Source/ThirdParty/SLikeNet/Source/UDPProxyCoordinator.h,1,0,1
/media/ullmann/hdd/research/engines/Urho3D/Source/ThirdParty/FreeType/src/pfr/pfrcmap.h,1,2,3
/media/ullmann/hdd/research/engines/Urho3D/Source/ThirdParty/SDL/src/video/windows/wmmsg.h,0,1,1
/media/ullmann/hdd/research/engines/Urho3D/Source/ThirdParty/SLikeNet/Source/slikenet/UDPProxyServer.h,1,0,1
/media/ullmann/hdd/research/engines/Urho3D/Source/ThirdParty/Bullet/src/BulletSoftBody/btDeformableMousePickingForce.h,1,1,2
/media/ullmann/hdd/research/engines/Urho3D/Source/ThirdParty/rapidjson/include/rapidjson/uri.h,1,2,3
/media/ullmann/hdd/research/engines/Urho3D/Source/ThirdParty/rapidjson/include/rapidjson/internal/strfunc.h,1,3,4
/media/ullmann/hdd/research/engines/Urho3D/Source/ThirdParty/Box2D/src/dynamics/b2_polygon_circle_contact.h,1,2,3
/media/ullmann/hdd/research/engines/Urho3D/script/build/include/Urho3D/LuaScript/LuaFile.h,2,0,2
/media/ullmann/hdd/research/engines/Urho3D/include/Urho3D/ThirdParty/slikenet/SimpleMutex.h,0,3,3
/media/ullmann/hdd/research/engines/Urho3D/Source/ThirdParty/Assimp/code/ImproveCacheLocality.cpp,3,0,3
/media/ullmann/hdd/research/engines/Urho3D/include/Urho3D/UI/Slider.h,1,1,2
/media/ullmann/hdd/research/engines/Urho3D/Source/ThirdParty/SDL/src/video/cocoa/SDL_cocoashape.h,2,0,2
/media/ullmann/hdd/research/engines/Urho3D/Source/ThirdParty/FreeType/src/gzip/inftrees.c,3,1,4
/media/ullmann/hdd/research/engines/Urho3D/Source/ThirdParty/LibCpuId/src/recog_intel.c,4,0,4
/media/ullmann/hdd/research/engines/Urho3D/Source/ThirdParty/FreeType/src/gxvalid/gxvmort.h,2,7,9
/media/ullmann/hdd/research/engines/Urho3D/Source/ThirdParty/SDL/src/video/haiku/SDL_bframebuffer.h,1,4,5
/media/ullmann/hdd/research/engines/Urho3D/Source/ThirdParty/SDL/src/thread/windows/SDL_syssem.c,2,0,2
/media/ullmann/hdd/research/engines/Urho3D/script/build/include/Urho3D/Physics2D/RigidBody2D.h,1,2,3
/media/ullmann/hdd/research/engines/Urho3D/script/build/include/Urho3D/ThirdParty/rapidjson/encodedstream.h,2,2,4
/media/ullmann/hdd/research/engines/Urho3D/Source/ThirdParty/SDL/src/video/windows/SDL_windowskeyboard.h,1,1,2
/media/ullmann/hdd/research/engines/Urho3D/Source/ThirdParty/WebP/src/utils/huffman_encode_utils.h,1,2,3
/media/ullmann/hdd/research/engines/Urho3D/script/build/include/Urho3D/Physics2D/CollisionCircle2D.h,1,1,2
/media/ullmann/hdd/research/engines/Urho3D/Source/ThirdParty/SDL/src/main/uikit/SDL_uikit_main.c,1,0,1
/media/ullmann/hdd/research/engines/Urho3D/Source/ThirdParty/SLikeNet/Source/DS_BPlusTree.h,1,0,1
/media/ullmann/hdd/research/engines/Urho3D/Source/ThirdParty/Bullet/src/BulletCollision/NarrowPhaseCollision/btVoronoiSimplexSolver.cpp,1,0,1
/media/ullmann/hdd/research/engines/Urho3D/Source/ThirdParty/Bullet/src/BulletCollision/NarrowPhaseCollision/btVoronoiSimplexSolver.h,1,2,3
/media/ullmann/hdd/research/engines/Urho3D/script/build/include/Urho3D/Core/Attribute.h,3,4,7
/media/ullmann/hdd/research/engines/Urho3D/Source/ThirdParty/SDL/include/SDL_bits.h,3,0,3
/media/ullmann/hdd/research/engines/Urho3D/Source/ThirdParty/SDL/src/libm/e_pow.c,2,0,2
/media/ullmann/hdd/research/engines/Urho3D/Source/ThirdParty/Bullet/src/BulletCollision/CollisionDispatch/btCollisionObject.cpp,1,0,1
/media/ullmann/hdd/research/engines/Urho3D/Source/ThirdParty/Assimp/code/SkeletonMeshBuilder.cpp,1,0,1
/media/ullmann/hdd/research/engines/Urho3D/Source/ThirdParty/SLikeNet/Source/slikenet/CheckSum.h,1,0,1
/media/ullmann/hdd/research/engines/Urho3D/Source/ThirdParty/Assimp/code/OpenGEXImporter.cpp,3,0,3
/media/ullmann/hdd/research/engines/Urho3D/Source/ThirdParty/AngelScript/source/as_string.cpp,3,0,3
/media/ullmann/hdd/research/engines/Urho3D/Source/ThirdParty/FreeType/src/sfnt/ttsbit.c,4,1,5
/media/ullmann/hdd/research/engines/Urho3D/Source/ThirdParty/Assimp/code/PlyParser.cpp,3,0,3
/media/ullmann/hdd/research/engines/Urho3D/Source/ThirdParty/Assimp/code/PlyLoader.h,2,3,5
/media/ullmann/hdd/research/engines/Urho3D/Source/ThirdParty/SLikeNet/Source/_FindFirst.h,1,0,1
/media/ullmann/hdd/research/engines/Urho3D/Source/ThirdParty/SLikeNet/Source/include/slikenet/_FindFirst.h,1,2,3
/media/ullmann/hdd/research/engines/Urho3D/Source/Urho3D/AngelScript/CoreAPI.cpp,4,0,4
/media/ullmann/hdd/research/engines/Urho3D/Source/ThirdParty/Bullet/src/BulletCollision/CollisionDispatch/btConvexPlaneCollisionAlgorithm.h,1,1,2
/media/ullmann/hdd/research/engines/Urho3D/Source/ThirdParty/Bullet/src/BulletCollision/CollisionDispatch/SphereTriangleDetector.cpp,1,0,1
/media/ullmann/hdd/research/engines/Urho3D/Source/ThirdParty/Bullet/src/BulletCollision/CollisionDispatch/SphereTriangleDetector.h,0,2,2
/media/ullmann/hdd/research/engines/Urho3D/Source/ThirdParty/Assimp/code/FBXTokenizer.cpp,4,0,4
/media/ullmann/hdd/research/engines/Urho3D/Source/ThirdParty/SLikeNet/Source/slikenet/NatPunchthroughServer.h,1,0,1
/media/ullmann/hdd/research/engines/Urho3D/Source/ThirdParty/SLikeNet/Source/slikenet/osx_adapter.h,1,0,1
/media/ullmann/hdd/research/engines/Urho3D/Source/ThirdParty/SLikeNet/Source/include/slikenet/osx_adapter.h,0,1,1
/media/ullmann/hdd/research/engines/Urho3D/include/Urho3D/Urho2D/AnimatedSprite2D.h,1,1,2
/media/ullmann/hdd/research/engines/Urho3D/include/Urho3D/Urho2D/StaticSprite2D.h,1,3,4
/media/ullmann/hdd/research/engines/Urho3D/Source/ThirdParty/SDL/src/render/opengles2/SDL_render_gles2.c,5,0,5
/media/ullmann/hdd/research/engines/Urho3D/Source/ThirdParty/SDL/src/hidapi/testgui/test.cpp,1,0,1
/media/ullmann/hdd/research/engines/Urho3D/Source/ThirdParty/SDL/src/hidapi/testgui/mac_support.h,0,1,1
/media/ullmann/hdd/research/engines/Urho3D/Source/ThirdParty/Bullet/src/BulletSoftBody/btSoftRigidCollisionAlgorithm.cpp,2,0,2
/media/ullmann/hdd/research/engines/Urho3D/include/Urho3D/Graphics/Skybox.h,1,1,2
/media/ullmann/hdd/research/engines/Urho3D/Source/ThirdParty/SDL/src/audio/coreaudio/SDL_coreaudio.h,2,0,2
/media/ullmann/hdd/research/engines/Urho3D/Source/ThirdParty/WebP/src/enc/picture_psnr_enc.c,2,0,2
/media/ullmann/hdd/research/engines/Urho3D/include/Urho3D/ThirdParty/slikenet/InternalPacket.h,0,2,2
/media/ullmann/hdd/research/engines/Urho3D/Source/ThirdParty/SLikeNet/Source/slikenet/DS_HuffmanEncodingTree.h,1,0,1
/media/ullmann/hdd/research/engines/Urho3D/Source/ThirdParty/SLikeNet/Source/slikenet/PacketFileLogger.h,1,0,1
/media/ullmann/hdd/research/engines/Urho3D/include/Urho3D/ThirdParty/SDL/SDL_haptic.h,5,1,6
/media/ullmann/hdd/research/engines/Urho3D/Source/ThirdParty/Assimp/code/FixNormalsStep.cpp,2,0,2
/media/ullmann/hdd/research/engines/Urho3D/Source/Urho3D/GraphicsAPI/Direct3D11/D3D11ConstantBuffer.cpp,6,0,6
/media/ullmann/hdd/research/engines/Urho3D/include/Urho3D/AngelScript/Script.h,2,1,3
/media/ullmann/hdd/research/engines/Urho3D/script/build/include/Urho3D/ThirdParty/rapidjson/internal/biginteger.h,1,1,2
/media/ullmann/hdd/research/engines/Urho3D/Source/Urho3D/GraphicsAPI/OpenGL/OGLShaderProgram.cpp,8,0,8
/media/ullmann/hdd/research/engines/Urho3D/Source/ThirdParty/FreeType/src/psaux/psobjs.h,0,3,3
/media/ullmann/hdd/research/engines/Urho3D/include/Urho3D/Graphics/AnimationController.h,3,2,5
/media/ullmann/hdd/research/engines/Urho3D/Source/ThirdParty/WebP/src/dsp/cost.c,2,0,2
/media/ullmann/hdd/research/engines/Urho3D/Source/ThirdParty/Bullet/src/BulletCollision/CollisionShapes/btTriangleMeshShape.cpp,2,0,2
/media/ullmann/hdd/research/engines/Urho3D/Source/ThirdParty/Assimp/code/LimitBoneWeightsProcess.cpp,2,0,2
/media/ullmann/hdd/research/engines/Urho3D/Source/ThirdParty/SDL/src/stdlib/SDL_stdlib.c,2,0,2
/media/ullmann/hdd/research/engines/Urho3D/script/build/include/Urho3D/IO/Log.h,4,2,6
/media/ullmann/hdd/research/engines/Urho3D/Source/ThirdParty/FreeType/src/raster/ftraster.h,0,2,2
/media/ullmann/hdd/research/engines/Urho3D/Source/Samples/33_Urho2DSpriterAnimation/Urho2DSpriterAnimation.cpp,1,0,1
/media/ullmann/hdd/research/engines/Urho3D/Source/Samples/33_Urho2DSpriterAnimation/Urho2DSpriterAnimation.h,1,1,2
/media/ullmann/hdd/research/engines/Urho3D/Source/ThirdParty/SDL/src/render/opengl/SDL_render_gl.c,4,0,4
/media/ullmann/hdd/research/engines/Urho3D/Source/ThirdParty/SDL/src/render/opengl/SDL_shaders_gl.h,1,2,3
/media/ullmann/hdd/research/engines/Urho3D/include/Urho3D/Urho2D/TileMapDefs2D.h,2,4,6
/media/ullmann/hdd/research/engines/Urho3D/Source/ThirdParty/Assimp/code/STEPFileReader.cpp,4,0,4
/media/ullmann/hdd/research/engines/Urho3D/Source/ThirdParty/AngelScript/source/as_generic.h,1,3,4
/media/ullmann/hdd/research/engines/Urho3D/Source/ThirdParty/Assimp/code/BlenderTessellator.cpp,4,0,4
/media/ullmann/hdd/research/engines/Urho3D/Source/ThirdParty/Assimp/code/BlenderScene.h,1,5,6
/media/ullmann/hdd/research/engines/Urho3D/Source/ThirdParty/SLikeNet/Source/src/RakNetSocket2_Berkley_NativeClient.cpp,2,1,3
/media/ullmann/hdd/research/engines/Urho3D/Source/ThirdParty/Assimp/contrib/zlib/zutil.c,2,0,2
/media/ullmann/hdd/research/engines/Urho3D/Source/ThirdParty/Bullet/src/BulletCollision/CollisionDispatch/btGhostObject.cpp,2,0,2
/media/ullmann/hdd/research/engines/Urho3D/Source/ThirdParty/Bullet/src/BulletCollision/CollisionDispatch/btGhostObject.h,2,1,3
/media/ullmann/hdd/research/engines/Urho3D/Source/ThirdParty/Assimp/code/CInterfaceIOWrapper.h,0,3,3
/media/ullmann/hdd/research/engines/Urho3D/Source/ThirdParty/SDL/src/audio/disk/SDL_diskaudio.h,2,1,3
/media/ullmann/hdd/research/engines/Urho3D/Source/ThirdParty/SDL/src/video/kmsdrm/SDL_kmsdrmvideo.h,2,4,6
/media/ullmann/hdd/research/engines/Urho3D/Source/ThirdParty/FreeType/src/cache/ftcimage.h,1,3,4
/media/ullmann/hdd/research/engines/Urho3D/Source/ThirdParty/SDL/src/thread/stdcpp/SDL_syscond.cpp,2,0,2
/media/ullmann/hdd/research/engines/Urho3D/Source/ThirdParty/SLikeNet/Source/slikenet/DS_QueueLinkedList.h,1,0,1
/media/ullmann/hdd/research/engines/Urho3D/Source/ThirdParty/SDL/src/audio/SDL_audiodev.c,2,0,2
/media/ullmann/hdd/research/engines/Urho3D/Source/ThirdParty/SDL/src/video/cocoa/SDL_cocoakeyboard.h,1,1,2
/media/ullmann/hdd/research/engines/Urho3D/Source/ThirdParty/Box2D/src/dynamics/b2_pulley_joint.cpp,3,0,3
/media/ullmann/hdd/research/engines/Urho3D/include/Urho3D/ThirdParty/box2d/b2_pulley_joint.h,0,3,3
/media/ullmann/hdd/research/engines/Urho3D/Source/ThirdParty/SDL/src/video/android/SDL_androidevents.c,4,0,4
/media/ullmann/hdd/research/engines/Urho3D/Source/ThirdParty/Box2D/include/box2d/b2_distance_joint.h,2,1,3
/media/ullmann/hdd/research/engines/Urho3D/Source/Urho3D/LibraryInfo.h,1,2,3
/media/ullmann/hdd/research/engines/Urho3D/Source/ThirdParty/FreeType/src/autofit/afshaper.h,0,3,3
/media/ullmann/hdd/research/engines/Urho3D/include/Urho3D/ThirdParty/slikenet/transport2.h,0,1,1
/media/ullmann/hdd/research/engines/Urho3D/include/Urho3D/UI/MessageBox.h,1,1,2
/media/ullmann/hdd/research/engines/Urho3D/Source/ThirdParty/FreeType/src/otvalid/otvgpos.h,0,3,3
/media/ullmann/hdd/research/engines/Urho3D/script/build/include/Urho3D/Database/ODBC/ODBCConnection.h,2,1,3
/media/ullmann/hdd/research/engines/Urho3D/Source/ThirdParty/SDL/include/SDL_system.h,6,1,7
/media/ullmann/hdd/research/engines/Urho3D/Source/ThirdParty/SDL/src/thread/psp/SDL_sysmutex.c,2,0,2
/media/ullmann/hdd/research/engines/Urho3D/Source/ThirdParty/FreeType/src/type1/t1gload.h,1,3,4
/media/ullmann/hdd/research/engines/Urho3D/Source/Samples/14_SoundEffects/SoundEffects.h,1,1,2
/media/ullmann/hdd/research/engines/Urho3D/Source/ThirdParty/FreeType/src/sfnt/ttsbit.h,1,2,3
/media/ullmann/hdd/research/engines/Urho3D/Source/ThirdParty/Bullet/src/BulletCollision/CollisionDispatch/btActivatingCollisionAlgorithm.cpp,3,0,3
/media/ullmann/hdd/research/engines/Urho3D/Source/ThirdParty/Assimp/code/ComputeUVMappingProcess.cpp,3,0,3
/media/ullmann/hdd/research/engines/Urho3D/Source/ThirdParty/SDL/src/video/khronos/vulkan/vulkan_wayland.h,0,1,1
/media/ullmann/hdd/research/engines/Urho3D/Source/ThirdParty/Bullet/src/BulletCollision/CollisionShapes/btOptimizedBvh.cpp,2,0,2
/media/ullmann/hdd/research/engines/Urho3D/include/Urho3D/Database/DatabaseEvents.h,2,0,2
/media/ullmann/hdd/research/engines/Urho3D/Source/ThirdParty/Bullet/src/BulletDynamics/ConstraintSolver/btSolve2LinearConstraint.h,0,1,1
/media/ullmann/hdd/research/engines/Urho3D/Source/ThirdParty/SLikeNet/Source/RakNetVersion.h,1,0,1
/media/ullmann/hdd/research/engines/Urho3D/Source/ThirdParty/SLikeNet/Source/include/slikenet/version.h,0,2,2
/media/ullmann/hdd/research/engines/Urho3D/Source/ThirdParty/Assimp/code/HalfLifeFileData.h,2,1,3
/media/ullmann/hdd/research/engines/Urho3D/Source/ThirdParty/FreeType/src/gxvalid/gxvmort.c,2,1,3
/media/ullmann/hdd/research/engines/Urho3D/Source/ThirdParty/SDL/src/core/winrt/SDL_winrtapp_direct3d.cpp,12,0,12
/media/ullmann/hdd/research/engines/Urho3D/Source/ThirdParty/SLikeNet/Source/CCRakNetUDT.h,1,0,1
/media/ullmann/hdd/research/engines/Urho3D/Source/ThirdParty/SLikeNet/Source/slikenet/ConnectionGraph2.h,1,0,1
/media/ullmann/hdd/research/engines/Urho3D/script/build/include/Urho3D/Navigation/NavArea.h,2,1,3
/media/ullmann/hdd/research/engines/Urho3D/Source/ThirdParty/SLikeNet/Source/slikenet/NativeFeatureIncludes.h,1,0,1
/media/ullmann/hdd/research/engines/Urho3D/Source/ThirdParty/SDL/src/sensor/android/SDL_androidsensor.c,3,0,3
/media/ullmann/hdd/research/engines/Urho3D/Source/ThirdParty/SDL/src/sensor/SDL_syssensor.h,1,3,4
/media/ullmann/hdd/research/engines/Urho3D/include/Urho3D/Physics2D/PhysicsEvents2D.h,2,0,2
/media/ullmann/hdd/research/engines/Urho3D/Source/ThirdParty/WebP/src/dsp/lossless_enc_mips_dsp_r2.c,2,0,2
/media/ullmann/hdd/research/engines/Urho3D/Source/ThirdParty/SLikeNet/Source/slikenet/PacketPool.h,1,0,1
/media/ullmann/hdd/research/engines/Urho3D/Source/ThirdParty/Bullet/src/LinearMath/btDefaultMotionState.h,1,1,2
/media/ullmann/hdd/research/engines/Urho3D/Source/ThirdParty/SLikeNet/Source/slikenet/NatTypeDetectionClient.h,1,0,1
/media/ullmann/hdd/research/engines/Urho3D/Source/ThirdParty/Assimp/code/BlenderBMesh.cpp,4,0,4
/media/ullmann/hdd/research/engines/Urho3D/Source/ThirdParty/Assimp/code/3MFXmlTags.h,0,3,3
/media/ullmann/hdd/research/engines/Urho3D/include/Urho3D/ThirdParty/slikenet/DS_OrderedList.h,0,4,4
/media/ullmann/hdd/research/engines/Urho3D/script/build/include/Urho3D/UI/Text.h,1,3,4
/media/ullmann/hdd/research/engines/Urho3D/include/Urho3D/ThirdParty/SDL/SDL_opengles2_gl2.h,0,1,1
/media/ullmann/hdd/research/engines/Urho3D/Source/ThirdParty/Box2D/src/common/b2_math.cpp,1,0,1
/media/ullmann/hdd/research/engines/Urho3D/Source/ThirdParty/Bullet/src/LinearMath/btSerializer.h,2,1,3
/media/ullmann/hdd/research/engines/Urho3D/include/Urho3D/ThirdParty/slikenet/thread.h,0,2,2
/media/ullmann/hdd/research/engines/Urho3D/include/Urho3D/ThirdParty/SDL/SDL_opengles2_khrplatform.h,0,1,1
/media/ullmann/hdd/research/engines/Urho3D/script/build/include/Urho3D/Network/NetworkPriority.h,1,1,2
/media/ullmann/hdd/research/engines/Urho3D/include/Urho3D/ThirdParty/SDL/SDL_platform.h,2,2,4
/media/ullmann/hdd/research/engines/Urho3D/Source/ThirdParty/SDL/src/hidapi/windows/hid.c,2,0,2
/media/ullmann/hdd/research/engines/Urho3D/Source/ThirdParty/SLikeNet/Source/StatisticsHistory.h,1,0,1
/media/ullmann/hdd/research/engines/Urho3D/Source/ThirdParty/WebP/src/dsp/enc_sse41.c,3,0,3
/media/ullmann/hdd/research/engines/Urho3D/Source/ThirdParty/SDL/src/render/SDL_yuv_sw.c,2,0,2
/media/ullmann/hdd/research/engines/Urho3D/script/build/include/Urho3D/Graphics/RibbonTrail.h,1,1,2
/media/ullmann/hdd/research/engines/Urho3D/Source/ThirdParty/SLikeNet/Source/slikenet/UDPProxyCommon.h,1,0,1
/media/ullmann/hdd/research/engines/Urho3D/Source/Urho3D/Math/Vector4.cpp,3,0,3
/media/ullmann/hdd/research/engines/Urho3D/Source/ThirdParty/Assimp/code/BlenderLoader.h,2,2,4
/media/ullmann/hdd/research/engines/Urho3D/Source/ThirdParty/Bullet/src/BulletCollision/Gimpact/gim_contact.h,3,1,4
/media/ullmann/hdd/research/engines/Urho3D/Source/Tools/Tests/Math/BigInt.cpp,1,0,1
/media/ullmann/hdd/research/engines/Urho3D/Source/ThirdParty/SDL/include/SDL_endian.h,3,3,6
/media/ullmann/hdd/research/engines/Urho3D/Source/ThirdParty/ik/src/memory.c,3,0,3
/media/ullmann/hdd/research/engines/Urho3D/Source/Urho3D/LibraryInfo.cpp,3,0,3
/media/ullmann/hdd/research/engines/Urho3D/Source/ThirdParty/Assimp/code/glTFAsset.h,2,2,4
/media/ullmann/hdd/research/engines/Urho3D/Source/ThirdParty/SDL/include/SDL_vulkan.h,3,0,3
/media/ullmann/hdd/research/engines/Urho3D/Source/Urho3D/Scene/SceneResolver.h,2,3,5
/media/ullmann/hdd/research/engines/Urho3D/include/Urho3D/IK/IK.h,0,1,1
/media/ullmann/hdd/research/engines/Urho3D/Source/ThirdParty/SDL/src/video/haiku/SDL_bwindow.h,1,1,2
/media/ullmann/hdd/research/engines/Urho3D/Source/ThirdParty/Assimp/code/IRRLoader.h,3,2,5
/media/ullmann/hdd/research/engines/Urho3D/Source/ThirdParty/SDL/src/video/SDL_vulkan_utils.c,2,0,2
/media/ullmann/hdd/research/engines/Urho3D/include/Urho3D/Resource/ResourceEvents.h,1,0,1
/media/ullmann/hdd/research/engines/Urho3D/Source/ThirdParty/SDL/src/video/directfb/SDL_DirectFB_WM.c,4,0,4
/media/ullmann/hdd/research/engines/Urho3D/Source/ThirdParty/SDL/src/video/vivante/SDL_vivantevideo.c,8,0,8
/media/ullmann/hdd/research/engines/Urho3D/Source/ThirdParty/Lua/src/ltable.c,8,0,8
/media/ullmann/hdd/research/engines/Urho3D/Source/ThirdParty/SDL/src/audio/alsa/SDL_alsa_audio.c,3,0,3
/media/ullmann/hdd/research/engines/Urho3D/Source/Samples/38_SceneAndUILoad/SceneAndUILoad.h,1,1,2
/media/ullmann/hdd/research/engines/Urho3D/Source/ThirdParty/SLikeNet/Source/gettimeofday.h,1,0,1
/media/ullmann/hdd/research/engines/Urho3D/Source/ThirdParty/Assimp/contrib/Open3DGC/o3dgcDVEncodeParams.h,1,2,3
/media/ullmann/hdd/research/engines/Urho3D/Source/ThirdParty/Box2D/include/box2d/b2_rope.h,2,0,2
/media/ullmann/hdd/research/engines/Urho3D/Source/ThirdParty/SDL/src/thread/pthread/SDL_syscond.c,2,0,2
/media/ullmann/hdd/research/engines/Urho3D/Source/ThirdParty/SDL/src/video/wayland/SDL_waylandsym.h,0,2,2
/media/ullmann/hdd/research/engines/Urho3D/include/Urho3D/AngelScript/ScriptEventListener.h,1,2,3
/media/ullmann/hdd/research/engines/Urho3D/Source/ThirdParty/rapidjson/include/rapidjson/encodings.h,1,1,2
/media/ullmann/hdd/research/engines/Urho3D/Source/ThirdParty/Assimp/code/glTFAsset.inl,0,1,1
/media/ullmann/hdd/research/engines/Urho3D/Source/ThirdParty/Assimp/code/NDOLoader.h,1,2,3
/media/ullmann/hdd/research/engines/Urho3D/Source/ThirdParty/Tracy/common/tracy_lz4.hpp,0,3,3
/media/ullmann/hdd/research/engines/Urho3D/Source/ThirdParty/SDL/src/video/windows/SDL_windowsmodes.c,4,0,4
/media/ullmann/hdd/research/engines/Urho3D/Source/ThirdParty/Assimp/include/assimp/matrix3x3.inl,0,1,1
/media/ullmann/hdd/research/engines/Urho3D/Source/Urho3D/Audio/BufferedSoundStream.cpp,3,0,3
/media/ullmann/hdd/research/engines/Urho3D/Source/ThirdParty/SDL/src/video/directfb/SDL_DirectFB_dyn.h,0,2,2
/media/ullmann/hdd/research/engines/Urho3D/Source/ThirdParty/Bullet/src/BulletCollision/CollisionShapes/btTriangleInfoMap.h,0,1,1
/media/ullmann/hdd/research/engines/Urho3D/Source/ThirdParty/SDL/include/SDL_loadso.h,4,1,5
/media/ullmann/hdd/research/engines/Urho3D/Source/ThirdParty/SDL/src/audio/haiku/SDL_haikuaudio.cc,5,0,5
/media/ullmann/hdd/research/engines/Urho3D/Source/ThirdParty/rapidjson/include/rapidjson/document.h,5,2,7
/media/ullmann/hdd/research/engines/Urho3D/Source/ThirdParty/Assimp/code/GenFaceNormalsProcess.cpp,3,0,3
/media/ullmann/hdd/research/engines/Urho3D/Source/ThirdParty/SDL/src/hidapi/linux/hidraw.cpp,1,0,1
/media/ullmann/hdd/research/engines/Urho3D/Source/ThirdParty/SDL/src/hidapi/linux/hid.c,1,1,2
/media/ullmann/hdd/research/engines/Urho3D/Source/ThirdParty/Bullet/src/BulletCollision/CollisionDispatch/btDefaultCollisionConfiguration.h,1,2,3
/media/ullmann/hdd/research/engines/Urho3D/Source/ThirdParty/SDL/src/libm/s_sin.c,2,0,2
/media/ullmann/hdd/research/engines/Urho3D/Source/ThirdParty/Assimp/code/BlenderDNA.cpp,4,0,4
/media/ullmann/hdd/research/engines/Urho3D/include/Urho3D/ThirdParty/rapidjson/msinttypes/inttypes.h,1,1,2
/media/ullmann/hdd/research/engines/Urho3D/Source/ThirdParty/SLikeNet/Source/RakNetDefinesOverrides.h,1,0,1
/media/ullmann/hdd/research/engines/Urho3D/Source/ThirdParty/Assimp/include/assimp/anim.h,0,2,2
/media/ullmann/hdd/research/engines/Urho3D/Source/ThirdParty/SDL/src/video/pandora/SDL_pandora_events.h,1,1,2
/media/ullmann/hdd/research/engines/Urho3D/script/build/include/Urho3D/Navigation/NavBuildData.h,3,1,4
/media/ullmann/hdd/research/engines/Urho3D/Source/ThirdParty/SDL/include/SDL_opengles2_gl2ext.h,0,1,1
/media/ullmann/hdd/research/engines/Urho3D/script/build/include/Urho3D/Core/StringHashRegister.h,3,2,5
/media/ullmann/hdd/research/engines/Urho3D/Source/ThirdParty/SDL/src/video/wayland/SDL_waylandclipboard.h,1,1,2
/media/ullmann/hdd/research/engines/Urho3D/Source/ThirdParty/Box2D/src/dynamics/b2_distance_joint.cpp,4,0,4
/media/ullmann/hdd/research/engines/Urho3D/include/Urho3D/ThirdParty/box2d/b2_distance_joint.h,0,2,2
/media/ullmann/hdd/research/engines/Urho3D/Source/ThirdParty/Bullet/src/BulletCollision/Gimpact/btTriangleShapeEx.cpp,1,0,1
/media/ullmann/hdd/research/engines/Urho3D/include/Urho3D/Network/NetworkPriority.h,1,1,2
/media/ullmann/hdd/research/engines/Urho3D/Source/ThirdParty/SLikeNet/Source/slikenet/peer.h,1,0,1
/media/ullmann/hdd/research/engines/Urho3D/Source/ThirdParty/SLikeNet/Source/AutopatcherRepositoryInterface.h,1,0,1
/media/ullmann/hdd/research/engines/Urho3D/Source/ThirdParty/FreeType/src/gzip/adler32.c,1,1,2
/media/ullmann/hdd/research/engines/Urho3D/Source/ThirdParty/SDL/src/video/psp/SDL_pspgl_c.h,1,2,3
/media/ullmann/hdd/research/engines/Urho3D/include/Urho3D/Navigation/Obstacle.h,2,1,3
/media/ullmann/hdd/research/engines/Urho3D/Source/ThirdParty/SDL/src/video/vivante/SDL_vivanteplatform.h,2,2,4
/media/ullmann/hdd/research/engines/Urho3D/Source/ThirdParty/Box2D/src/dynamics/b2_contact_manager.cpp,5,0,5
/media/ullmann/hdd/research/engines/Urho3D/Source/ThirdParty/Bullet/src/BulletDynamics/MLCPSolvers/btDantzigSolver.h,2,0,2
/media/ullmann/hdd/research/engines/Urho3D/Source/ThirdParty/FreeType/src/truetype/tterrors.h,0,7,7
/media/ullmann/hdd/research/engines/Urho3D/Source/ThirdParty/SDL/src/audio/esd/SDL_esdaudio.c,3,0,3
/media/ullmann/hdd/research/engines/Urho3D/Source/ThirdParty/Bullet/src/BulletDynamics/Featherstone/btMultiBodyInplaceSolverIslandCallback.h,1,0,1
/media/ullmann/hdd/research/engines/Urho3D/Source/ThirdParty/MojoShader/mojoshader_preprocessor.c,1,0,1
/media/ullmann/hdd/research/engines/Urho3D/Source/ThirdParty/Bullet/src/BulletCollision/Gimpact/btGImpactQuantizedBvhStructs.h,2,1,3
/media/ullmann/hdd/research/engines/Urho3D/script/build/include/Urho3D/ThirdParty/rapidjson/pointer.h,3,1,4
/media/ullmann/hdd/research/engines/Urho3D/Source/ThirdParty/Assimp/code/StepExporter.h,0,1,1
/media/ullmann/hdd/research/engines/Urho3D/script/build/include/Urho3D/Graphics/CustomGeometry.h,1,1,2
/media/ullmann/hdd/research/engines/Urho3D/Source/ThirdParty/FreeType/src/winfonts/winfnt.c,2,0,2
/media/ullmann/hdd/research/engines/Urho3D/Source/ThirdParty/FreeType/src/winfonts/winfnt.h,0,1,1
/media/ullmann/hdd/research/engines/Urho3D/Source/ThirdParty/SDL/src/audio/dummy/SDL_dummyaudio.h,2,1,3
/media/ullmann/hdd/research/engines/Urho3D/Source/ThirdParty/WebP/src/dsp/dec_clip_tables.c,1,0,1
/media/ullmann/hdd/research/engines/Urho3D/Source/ThirdParty/Bullet/src/BulletSoftBody/btDeformableNeoHookeanForce.h,1,1,2
/media/ullmann/hdd/research/engines/Urho3D/Source/ThirdParty/Bullet/src/BulletCollision/CollisionShapes/btMultimaterialTriangleMeshShape.h,2,0,2
/media/ullmann/hdd/research/engines/Urho3D/Source/ThirdParty/Bullet/src/BulletCollision/CollisionShapes/btMaterial.h,0,1,1
/media/ullmann/hdd/research/engines/Urho3D/Source/ThirdParty/WebP/src/dsp/alpha_processing.c,1,0,1
/media/ullmann/hdd/research/engines/Urho3D/Source/ThirdParty/Assimp/code/IFCMaterial.cpp,1,0,1
/media/ullmann/hdd/research/engines/Urho3D/include/Urho3D/ThirdParty/slikenet/wstring.h,0,2,2
/media/ullmann/hdd/research/engines/Urho3D/Source/ThirdParty/SLikeNet/Source/Getche.h,1,0,1
/media/ullmann/hdd/research/engines/Urho3D/Source/ThirdParty/SLikeNet/Source/include/slikenet/Getche.h,0,2,2
/media/ullmann/hdd/research/engines/Urho3D/Source/ThirdParty/SDL/src/joystick/bsd/SDL_sysjoystick.c,3,0,3
/media/ullmann/hdd/research/engines/Urho3D/Source/ThirdParty/Assimp/contrib/Open3DGC/o3dgcTriangleFans.cpp,2,0,2
/media/ullmann/hdd/research/engines/Urho3D/script/build/include/Urho3D/ThirdParty/rapidjson/internal/diyfp.h,2,2,4
/media/ullmann/hdd/research/engines/Urho3D/Source/ThirdParty/SDL/include/SDL_timer.h,4,1,5
/media/ullmann/hdd/research/engines/Urho3D/Source/ThirdParty/Assimp/code/ACLoader.h,1,2,3
/media/ullmann/hdd/research/engines/Urho3D/include/Urho3D/Urho2D/StretchableSprite2D.h,1,1,2
/media/ullmann/hdd/research/engines/Urho3D/Source/ThirdParty/SDL/src/video/windows/SDL_windowsmodes.h,1,1,2
/media/ullmann/hdd/research/engines/Urho3D/Source/ThirdParty/LuaJIT/src/lj_mcode.c,8,1,9
/media/ullmann/hdd/research/engines/Urho3D/Source/ThirdParty/SLikeNet/Source/RakNetDefines.h,1,0,1
/media/ullmann/hdd/research/engines/Urho3D/Source/Urho3D/LuaScript/LuaScriptEventListener.h,1,2,3
/media/ullmann/hdd/research/engines/Urho3D/Source/ThirdParty/WebP/src/dsp/upsampling_msa.c,3,0,3
/media/ullmann/hdd/research/engines/Urho3D/Source/ThirdParty/SDL/src/timer/psp/SDL_systimer.c,2,0,2
/media/ullmann/hdd/research/engines/Urho3D/Source/ThirdParty/Bullet/src/BulletCollision/CollisionDispatch/btCollisionDispatcher.cpp,1,0,1
/media/ullmann/hdd/research/engines/Urho3D/Source/ThirdParty/SLikeNet/Source/src/osx_adapter.cpp,1,0,1
/media/ullmann/hdd/research/engines/Urho3D/Source/ThirdParty/Assimp/code/3DSLoader.cpp,3,0,3
/media/ullmann/hdd/research/engines/Urho3D/Source/ThirdParty/Assimp/code/ProcessHelper.cpp,1,0,1
/media/ullmann/hdd/research/engines/Urho3D/Source/ThirdParty/WebP/src/utils/bit_writer_utils.c,3,0,3
/media/ullmann/hdd/research/engines/Urho3D/Source/ThirdParty/Bullet/src/BulletSoftBody/btDeformableMassSpringForce.h,1,2,3
/media/ullmann/hdd/research/engines/Urho3D/Source/ThirdParty/WebP/src/dsp/lossless_enc_sse2.c,4,0,4
/media/ullmann/hdd/research/engines/Urho3D/Source/ThirdParty/SLikeNet/Source/RPC4Plugin.h,1,0,1
/media/ullmann/hdd/research/engines/Urho3D/Source/ThirdParty/SLikeNet/Source/RefCountedObj.h,1,0,1
/media/ullmann/hdd/research/engines/Urho3D/Source/ThirdParty/SLikeNet/Source/RakNetTypes.h,1,0,1
/media/ullmann/hdd/research/engines/Urho3D/Source/Urho3D/Core/Condition.cpp,2,0,2
/media/ullmann/hdd/research/engines/Urho3D/Source/Urho3D/Engine/Application.cpp,6,0,6
/media/ullmann/hdd/research/engines/Urho3D/Source/Samples/19_VehicleDemo/VehicleDemo.cpp,2,0,2
/media/ullmann/hdd/research/engines/Urho3D/Source/ThirdParty/ik/include/ik/solver_2bone.h,3,0,3
/media/ullmann/hdd/research/engines/Urho3D/Source/ThirdParty/SDL/src/power/SDL_power.c,2,0,2
/media/ullmann/hdd/research/engines/Urho3D/Source/ThirdParty/Bullet/src/BulletCollision/NarrowPhaseCollision/btPersistentManifold.cpp,1,0,1
/media/ullmann/hdd/research/engines/Urho3D/Source/ThirdParty/Bullet/src/BulletCollision/NarrowPhaseCollision/btPersistentManifold.h,1,1,2
/media/ullmann/hdd/research/engines/Urho3D/Source/ThirdParty/AngelScript/source/as_restore.h,3,2,5
/media/ullmann/hdd/research/engines/Urho3D/Source/Urho3D/GraphicsAPI/Direct3D9/D3D9VertexDeclaration.h,3,3,6
/media/ullmann/hdd/research/engines/Urho3D/Source/ThirdParty/FreeType/src/pshinter/pshmod.c,3,1,4
/media/ullmann/hdd/research/engines/Urho3D/Source/ThirdParty/Bullet/src/BulletCollision/CollisionDispatch/btSimulationIslandManager.cpp,1,0,1
/media/ullmann/hdd/research/engines/Urho3D/Source/ThirdParty/SLikeNet/Source/RakNetStatistics.h,1,0,1
/media/ullmann/hdd/research/engines/Urho3D/Source/ThirdParty/rapidjson/include/rapidjson/internal/strtod.h,4,1,5
/media/ullmann/hdd/research/engines/Urho3D/Source/Urho3D/UI/ToolTip.cpp,4,0,4
/media/ullmann/hdd/research/engines/Urho3D/include/Urho3D/ThirdParty/slikenet/MTUSize.h,0,4,4
/media/ullmann/hdd/research/engines/Urho3D/include/Urho3D/ThirdParty/SDL/SDL_blendmode.h,2,1,3
/media/ullmann/hdd/research/engines/Urho3D/include/Urho3D/Urho2D/Urho2DEvents.h,1,0,1
/media/ullmann/hdd/research/engines/Urho3D/Source/ThirdParty/Bullet/src/BulletDynamics/ConstraintSolver/btGeneric6DofSpring2Constraint.cpp,1,0,1
/media/ullmann/hdd/research/engines/Urho3D/script/build/include/Urho3D/Urho2D/Urho2DEvents.h,1,0,1
/media/ullmann/hdd/research/engines/Urho3D/Source/ThirdParty/SLikeNet/Source/DirectoryDeltaTransfer.h,1,0,1
/media/ullmann/hdd/research/engines/Urho3D/Source/ThirdParty/SDL/src/video/android/SDL_androidmouse.c,4,0,4
/media/ullmann/hdd/research/engines/Urho3D/Source/ThirdParty/SLikeNet/Source/HTTPConnection.h,1,0,1
/media/ullmann/hdd/research/engines/Urho3D/Source/ThirdParty/Assimp/include/assimp/DefaultLogger.hpp,3,1,4
/media/ullmann/hdd/research/engines/Urho3D/Source/ThirdParty/Assimp/contrib/unzip/unzip.c,2,0,2
/media/ullmann/hdd/research/engines/Urho3D/Source/ThirdParty/Assimp/contrib/unzip/crypt.h,0,1,1
/media/ullmann/hdd/research/engines/Urho3D/Source/ThirdParty/SDL/src/video/windows/SDL_windowsmessagebox.h,1,1,2
/media/ullmann/hdd/research/engines/Urho3D/Source/ThirdParty/SLikeNet/Source/slikenet/Getche.h,1,0,1
/media/ullmann/hdd/research/engines/Urho3D/Source/ThirdParty/SLikeNet/Source/slikenet/sleep.h,1,0,1
/media/ullmann/hdd/research/engines/Urho3D/script/build/include/Urho3D/Urho2D/ParticleEffect2D.h,2,1,3
/media/ullmann/hdd/research/engines/Urho3D/script/build/include/Urho3D/Graphics/ParticleEffect.h,2,2,4
/media/ullmann/hdd/research/engines/Urho3D/Source/ThirdParty/SLikeNet/Source/slikenet/MTUSize.h,1,0,1
/media/ullmann/hdd/research/engines/Urho3D/Source/ThirdParty/Assimp/code/SplitByBoneCountProcess.cpp,2,0,2
/media/ullmann/hdd/research/engines/Urho3D/Source/ThirdParty/Assimp/code/LWOAnimation.cpp,1,0,1
/media/ullmann/hdd/research/engines/Urho3D/Source/ThirdParty/LuaJIT/src/host/buildvm_asm.c,1,0,1
/media/ullmann/hdd/research/engines/Urho3D/Source/ThirdParty/LuaJIT/src/host/buildvm.h,0,5,5
/media/ullmann/hdd/research/engines/Urho3D/Source/ThirdParty/SLikeNet/Source/DS_Map.h,1,0,1
/media/ullmann/hdd/research/engines/Urho3D/Source/ThirdParty/SDL/src/core/linux/SDL_dbus.c,2,0,2
/media/ullmann/hdd/research/engines/Urho3D/Source/ThirdParty/SLikeNet/Source/slikenet/FullyConnectedMesh2.h,1,0,1
/media/ullmann/hdd/research/engines/Urho3D/Source/ThirdParty/Bullet/src/BulletCollision/CollisionShapes/btCylinderShape.cpp,1,0,1
/media/ullmann/hdd/research/engines/Urho3D/Source/ThirdParty/SDL/src/video/SDL_pixels.c,5,0,5
/media/ullmann/hdd/research/engines/Urho3D/Source/ThirdParty/SLikeNet/Source/slikenet/version.h,1,0,1
/media/ullmann/hdd/research/engines/Urho3D/Source/ThirdParty/Assimp/code/OptimizeGraph.cpp,3,0,3
/media/ullmann/hdd/research/engines/Urho3D/include/Urho3D/ThirdParty/slikenet/DataCompressor.h,0,1,1
/media/ullmann/hdd/research/engines/Urho3D/script/build/include/Urho3D/AngelScript/Manual_Network.h,2,1,3
/media/ullmann/hdd/research/engines/Urho3D/script/build/include/Urho3D/Resource/ResourceEvents.h,1,0,1
/media/ullmann/hdd/research/engines/Urho3D/include/Urho3D/Urho2D/Renderer2D.h,2,1,3
/media/ullmann/hdd/research/engines/Urho3D/Source/ThirdParty/SDL/src/video/uikit/SDL_uikitwindow.h,1,0,1
/media/ullmann/hdd/research/engines/Urho3D/Source/Urho3D/Math/AreaAllocator.h,1,5,6
/media/ullmann/hdd/research/engines/Urho3D/Source/ThirdParty/Assimp/code/STEPFileReader.h,1,2,3
/media/ullmann/hdd/research/engines/Urho3D/Source/ThirdParty/SLikeNet/Source/slikenet/NatTypeDetectionCommon.h,1,0,1
/media/ullmann/hdd/research/engines/Urho3D/Source/ThirdParty/Bullet/src/BulletDynamics/Featherstone/btMultiBodyFixedConstraint.cpp,2,0,2
/media/ullmann/hdd/research/engines/Urho3D/Source/ThirdParty/Bullet/src/BulletDynamics/Featherstone/btMultiBodyFixedConstraint.h,1,1,2
/media/ullmann/hdd/research/engines/Urho3D/Source/ThirdParty/LibCpuId/src/asm-bits.c,2,0,2
/media/ullmann/hdd/research/engines/Urho3D/Source/ThirdParty/SDL/src/audio/jack/SDL_jackaudio.h,1,1,2
/media/ullmann/hdd/research/engines/Urho3D/Source/Samples/48_Hello3DUI/Hello3DUI.cpp,1,0,1
/media/ullmann/hdd/research/engines/Urho3D/Source/Samples/48_Hello3DUI/Hello3DUI.h,1,1,2
/media/ullmann/hdd/research/engines/Urho3D/Source/Urho3D/Container/Pair.h,1,3,4
/media/ullmann/hdd/research/engines/Urho3D/include/Urho3D/ThirdParty/rapidjson/error/en.h,1,1,2
/media/ullmann/hdd/research/engines/Urho3D/Source/ThirdParty/ik/include/ik/vec3.h,1,0,1
/media/ullmann/hdd/research/engines/Urho3D/Source/ThirdParty/SLikeNet/Source/PS3Includes.h,1,0,1
/media/ullmann/hdd/research/engines/Urho3D/Source/ThirdParty/SLikeNet/Source/include/slikenet/PS3Includes.h,0,2,2
/media/ullmann/hdd/research/engines/Urho3D/include/Urho3D/UI/UIEvents.h,1,0,1
/media/ullmann/hdd/research/engines/Urho3D/Source/ThirdParty/Tracy/client/TracyCallstack.h,0,2,2
/media/ullmann/hdd/research/engines/Urho3D/script/build/include/Urho3D/GraphicsAPI/Direct3D9/D3D9VertexDeclaration.h,3,1,4
/media/ullmann/hdd/research/engines/Urho3D/Source/ThirdParty/Bullet/src/BulletSoftBody/btConjugateGradient.h,1,1,2
/media/ullmann/hdd/research/engines/Urho3D/Source/ThirdParty/Bullet/src/BulletCollision/CollisionDispatch/btBoxBoxDetector.cpp,1,0,1
/media/ullmann/hdd/research/engines/Urho3D/Source/ThirdParty/SDL/src/audio/nacl/SDL_naclaudio.c,4,0,4
/media/ullmann/hdd/research/engines/Urho3D/include/Urho3D/Navigation/Navigable.h,1,1,2
/media/ullmann/hdd/research/engines/Urho3D/Source/Urho3D/GraphicsAPI/GraphicsDefs.cpp,3,0,3
/media/ullmann/hdd/research/engines/Urho3D/Source/ThirdParty/SDL/src/video/nacl/SDL_naclglue.c,1,0,1
/media/ullmann/hdd/research/engines/Urho3D/Source/ThirdParty/SDL/src/audio/winmm/SDL_winmm.h,2,1,3
/media/ullmann/hdd/research/engines/Urho3D/Source/ThirdParty/WebP/src/dsp/upsampling.c,2,0,2
/media/ullmann/hdd/research/engines/Urho3D/Source/ThirdParty/Assimp/code/IRRMeshLoader.h,2,2,4
/media/ullmann/hdd/research/engines/Urho3D/script/build/include/Urho3D/Graphics/Technique.h,2,2,4
/media/ullmann/hdd/research/engines/Urho3D/script/build/include/Urho3D/Navigation/DynamicNavigationMesh.h,1,2,3
/media/ullmann/hdd/research/engines/Urho3D/script/build/include/Urho3D/Network/Network.h,4,2,6
/media/ullmann/hdd/research/engines/Urho3D/script/build/include/Urho3D/ThirdParty/rapidjson/filereadstream.h,1,0,1
/media/ullmann/hdd/research/engines/Urho3D/Source/ThirdParty/FreeType/src/gxvalid/gxvmort2.c,1,1,2
/media/ullmann/hdd/research/engines/Urho3D/Source/ThirdParty/FreeType/src/gzip/infblock.h,0,5,5
/media/ullmann/hdd/research/engines/Urho3D/Source/ThirdParty/FreeType/src/psaux/t1cmap.c,2,1,3
/media/ullmann/hdd/research/engines/Urho3D/include/Urho3D/Input/Controls.h,1,2,3
/media/ullmann/hdd/research/engines/Urho3D/Source/ThirdParty/Box2D/src/collision/b2_collide_edge.cpp,4,0,4
/media/ullmann/hdd/research/engines/Urho3D/Source/ThirdParty/FreeType/src/base/ftdbgmem.c,0,1,1
/media/ullmann/hdd/research/engines/Urho3D/Source/ThirdParty/SLikeNet/Source/DS_LinkedList.h,1,0,1
/media/ullmann/hdd/research/engines/Urho3D/Source/ThirdParty/SDL/src/audio/paudio/SDL_paudio.h,2,1,3
/media/ullmann/hdd/research/engines/Urho3D/include/Urho3D/ThirdParty/slikenet/HTTPConnection2.h,0,1,1
/media/ullmann/hdd/research/engines/Urho3D/include/Urho3D/ThirdParty/rapidjson/internal/diyfp.h,2,2,4
/media/ullmann/hdd/research/engines/Urho3D/include/Urho3D/ThirdParty/rapidjson/filereadstream.h,1,0,1
/media/ullmann/hdd/research/engines/Urho3D/Source/ThirdParty/SLikeNet/Source/slikenet/defineoverrides.h,1,0,1
/media/ullmann/hdd/research/engines/Urho3D/script/build/include/Urho3D/ThirdParty/ik/chain_tree.h,2,0,2
/media/ullmann/hdd/research/engines/Urho3D/Source/ThirdParty/Bullet/src/BulletCollision/Gimpact/btGImpactCollisionAlgorithm.cpp,2,0,2
/media/ullmann/hdd/research/engines/Urho3D/Source/Urho3D/Scene/LogicComponent.h,2,3,5
/media/ullmann/hdd/research/engines/Urho3D/Source/Urho3D/Physics2D/ConstraintFriction2D.h,1,3,4
/media/ullmann/hdd/research/engines/Urho3D/Source/ThirdParty/SDL/src/video/windows/SDL_windowsclipboard.h,1,1,2
/media/ullmann/hdd/research/engines/Urho3D/Source/Urho3D/UI/ScrollView.h,1,3,4
/media/ullmann/hdd/research/engines/Urho3D/Source/ThirdParty/Assimp/code/PlyParser.h,2,1,3
/media/ullmann/hdd/research/engines/Urho3D/Source/Samples/09_MultipleViewports/MultipleViewports.h,1,1,2
/media/ullmann/hdd/research/engines/Urho3D/Source/ThirdParty/SDL/src/video/pandora/SDL_pandora.h,2,1,3
/media/ullmann/hdd/research/engines/Urho3D/Source/ThirdParty/Tracy/client/TracySysTrace.hpp,0,2,2
/media/ullmann/hdd/research/engines/Urho3D/Source/ThirdParty/Bullet/src/LinearMath/btGeometryUtil.cpp,1,0,1
/media/ullmann/hdd/research/engines/Urho3D/Source/ThirdParty/Bullet/src/LinearMath/btGeometryUtil.h,2,1,3
/media/ullmann/hdd/research/engines/Urho3D/Source/ThirdParty/FreeType/src/autofit/afwarp.c,1,1,2
/media/ullmann/hdd/research/engines/Urho3D/Source/ThirdParty/Bullet/src/BulletCollision/BroadphaseCollision/btDispatcher.cpp,1,0,1
/media/ullmann/hdd/research/engines/Urho3D/Source/ThirdParty/Bullet/src/BulletCollision/BroadphaseCollision/btDispatcher.h,0,3,3
/media/ullmann/hdd/research/engines/Urho3D/Source/ThirdParty/SDL/src/video/raspberry/SDL_rpivideo.c,9,0,9
/media/ullmann/hdd/research/engines/Urho3D/Source/ThirdParty/Bullet/src/BulletCollision/NarrowPhaseCollision/btGjkCollisionDescription.h,0,2,2
/media/ullmann/hdd/research/engines/Urho3D/Source/ThirdParty/SDL/src/video/android/SDL_androidgl.h,1,2,3
/media/ullmann/hdd/research/engines/Urho3D/Source/ThirdParty/Box2D/include/box2d/b2_draw.h,2,1,3
/media/ullmann/hdd/research/engines/Urho3D/Source/ThirdParty/Box2D/src/dynamics/b2_world_callbacks.cpp,2,0,2
/media/ullmann/hdd/research/engines/Urho3D/include/Urho3D/ThirdParty/box2d/b2_shape.h,0,1,1
/media/ullmann/hdd/research/engines/Urho3D/Source/ThirdParty/Bullet/src/BulletDynamics/ConstraintSolver/btGeneric6DofConstraint.cpp,1,0,1
/media/ullmann/hdd/research/engines/Urho3D/Source/ThirdParty/ik/src/solver_2bone.c,4,0,4
/media/ullmann/hdd/research/engines/Urho3D/include/Urho3D/ThirdParty/SDL/SDL_opengl.h,2,0,2
/media/ullmann/hdd/research/engines/Urho3D/include/Urho3D/Urho2D/TileMap2D.h,2,1,3
/media/ullmann/hdd/research/engines/Urho3D/Source/ThirdParty/SDL/src/thread/psp/SDL_syssem.c,1,0,1
/media/ullmann/hdd/research/engines/Urho3D/include/Urho3D/ThirdParty/rapidjson/fwd.h,1,0,1
/media/ullmann/hdd/research/engines/Urho3D/Source/ThirdParty/Assimp/contrib/rapidjson/include/rapidjson/internal/swap.h,1,1,2
/media/ullmann/hdd/research/engines/Urho3D/Source/Samples/45_InverseKinematics/InverseKinematics.cpp,1,0,1
/media/ullmann/hdd/research/engines/Urho3D/Source/Samples/45_InverseKinematics/InverseKinematics.h,1,1,2
/media/ullmann/hdd/research/engines/Urho3D/include/Urho3D/ThirdParty/slikenet/CCRakNetUDT.h,0,3,3
/media/ullmann/hdd/research/engines/Urho3D/Source/ThirdParty/Assimp/code/X3DImporter_Group.cpp,2,0,2
/media/ullmann/hdd/research/engines/Urho3D/Source/ThirdParty/WebP/src/enc/token_enc.c,3,0,3
/media/ullmann/hdd/research/engines/Urho3D/Source/ThirdParty/LuaJIT/src/lj_clib.h,1,3,4
/media/ullmann/hdd/research/engines/Urho3D/script/build/include/Urho3D/Navigation/NavigationEvents.h,1,0,1
/media/ullmann/hdd/research/engines/Urho3D/script/build/include/Urho3D/Physics/PhysicsEvents.h,1,1,2
/media/ullmann/hdd/research/engines/Urho3D/Source/ThirdParty/Assimp/code/TargetAnimation.cpp,1,0,1
/media/ullmann/hdd/research/engines/Urho3D/include/Urho3D/ThirdParty/rapidjson/cursorstreamwrapper.h,1,0,1
/media/ullmann/hdd/research/engines/Urho3D/Source/ThirdParty/Assimp/code/Q3BSPFileImporter.h,1,2,3
/media/ullmann/hdd/research/engines/Urho3D/Source/ThirdParty/SDL/src/audio/directsound/SDL_directsound.c,3,0,3
/media/ullmann/hdd/research/engines/Urho3D/Source/ThirdParty/FreeType/src/psaux/t1cmap.h,0,2,2
/media/ullmann/hdd/research/engines/Urho3D/include/Urho3D/ThirdParty/slikenet/FileListTransferCBInterface.h,0,2,2
/media/ullmann/hdd/research/engines/Urho3D/Source/Urho3D/Urho2D/SpriterInstance2D.cpp,5,0,5
/media/ullmann/hdd/research/engines/Urho3D/Source/ThirdParty/FreeType/src/base/ftgloadr.c,0,1,1
/media/ullmann/hdd/research/engines/Urho3D/script/build/include/Urho3D/ThirdParty/ik/solver_MSD.h,2,0,2
/media/ullmann/hdd/research/engines/Urho3D/Source/ThirdParty/FreeType/src/pcf/pcfread.c,3,1,4
/media/ullmann/hdd/research/engines/Urho3D/Source/ThirdParty/Assimp/include/assimp/mesh.h,1,2,3
/media/ullmann/hdd/research/engines/Urho3D/Source/Samples/04_StaticScene/StaticScene.h,1,1,2
/media/ullmann/hdd/research/engines/Urho3D/Source/ThirdParty/Tracy/TracyVulkan.hpp,3,0,3
/media/ullmann/hdd/research/engines/Urho3D/Source/ThirdParty/rapidjson/include/rapidjson/fwd.h,1,0,1
/media/ullmann/hdd/research/engines/Urho3D/Source/ThirdParty/FreeType/src/gxvalid/gxvmorx5.c,1,1,2
/media/ullmann/hdd/research/engines/Urho3D/Source/Urho3D/Urho3D.h,0,1,1
/media/ullmann/hdd/research/engines/Urho3D/Source/ThirdParty/Assimp/code/IFCGeometry.cpp,5,0,5
/media/ullmann/hdd/research/engines/Urho3D/Source/ThirdParty/Box2D/src/dynamics/b2_edge_polygon_contact.cpp,3,0,3
/media/ullmann/hdd/research/engines/Urho3D/Source/ThirdParty/FreeType/src/truetype/ttgxvar.h,1,6,7
/media/ullmann/hdd/research/engines/Urho3D/include/Urho3D/ThirdParty/slikenet/UDPProxyCoordinator.h,0,1,1
/media/ullmann/hdd/research/engines/Urho3D/Source/ThirdParty/SDL/src/video/yuv2rgb/yuv_rgb_sse_func.h,0,1,1
/media/ullmann/hdd/research/engines/Urho3D/include/Urho3D/ThirdParty/box2d/b2_contact_manager.h,0,1,1
/media/ullmann/hdd/research/engines/Urho3D/Source/ThirdParty/FreeType/src/gxvalid/gxvmort4.c,1,1,2
/media/ullmann/hdd/research/engines/Urho3D/Source/ThirdParty/Assimp/contrib/zlib/uncompr.c,1,0,1
/media/ullmann/hdd/research/engines/Urho3D/Source/ThirdParty/FreeType/src/otvalid/otvjstf.c,3,1,4
/media/ullmann/hdd/research/engines/Urho3D/include/Urho3D/Audio/SoundListener.h,1,1,2
/media/ullmann/hdd/research/engines/Urho3D/include/Urho3D/GraphicsAPI/Direct3D9/D3D9ShaderProgram.h,2,1,3
/media/ullmann/hdd/research/engines/Urho3D/Source/ThirdParty/SLikeNet/Source/slikenet/StringCompressor.h,1,0,1
/media/ullmann/hdd/research/engines/Urho3D/Source/ThirdParty/Bullet/src/BulletCollision/CollisionShapes/btConvex2dShape.cpp,1,0,1
/media/ullmann/hdd/research/engines/Urho3D/Source/ThirdParty/Bullet/src/BulletCollision/CollisionShapes/btConvex2dShape.h,0,1,1
/media/ullmann/hdd/research/engines/Urho3D/Source/ThirdParty/SDL/src/video/directfb/SDL_DirectFB_WM.h,1,2,3
/media/ullmann/hdd/research/engines/Urho3D/Source/ThirdParty/FreeType/src/cff/cffpic.c,3,1,4
/media/ullmann/hdd/research/engines/Urho3D/Source/ThirdParty/SLikeNet/Source/NatTypeDetectionServer.h,1,0,1
/media/ullmann/hdd/research/engines/Urho3D/Source/ThirdParty/FreeType/src/type42/t42parse.h,1,2,3
/media/ullmann/hdd/research/engines/Urho3D/Source/ThirdParty/Bullet/src/BulletCollision/Gimpact/gim_linear_math.h,2,1,3
/media/ullmann/hdd/research/engines/Urho3D/Source/ThirdParty/SDL/src/audio/psp/SDL_pspaudio.h,1,1,2
/media/ullmann/hdd/research/engines/Urho3D/include/Urho3D/IK/IKConverters.h,2,0,2
/media/ullmann/hdd/research/engines/Urho3D/Source/ThirdParty/Bullet/src/BulletDynamics/Featherstone/btMultiBodyGearConstraint.cpp,3,0,3
/media/ullmann/hdd/research/engines/Urho3D/Source/ThirdParty/Bullet/src/BulletDynamics/Featherstone/btMultiBodyGearConstraint.h,1,1,2
/media/ullmann/hdd/research/engines/Urho3D/script/build/include/Urho3D/Audio/OggVorbisSoundStream.h,2,1,3
/media/ullmann/hdd/research/engines/Urho3D/Source/ThirdParty/Assimp/contrib/rapidjson/include/rapidjson/pointer.h,2,1,3
/media/ullmann/hdd/research/engines/Urho3D/Source/ThirdParty/Assimp/code/ScaleProcess.cpp,1,0,1
/media/ullmann/hdd/research/engines/Urho3D/script/build/include/Urho3D/ThirdParty/SDL/SDL_assert.h,3,1,4
/media/ullmann/hdd/research/engines/Urho3D/Source/ThirdParty/Bullet/src/BulletCollision/BroadphaseCollision/btAxisSweep3.cpp,1,0,1
/media/ullmann/hdd/research/engines/Urho3D/include/Urho3D/ThirdParty/SDL/SDL_scancode.h,1,1,2
/media/ullmann/hdd/research/engines/Urho3D/Source/ThirdParty/SDL/src/audio/arts/SDL_artsaudio.c,3,0,3
/media/ullmann/hdd/research/engines/Urho3D/Source/ThirdParty/FreeType/src/autofit/afloader.h,3,2,5
/media/ullmann/hdd/research/engines/Urho3D/script/build/include/Urho3D/Engine/EngineDefs.h,0,1,1
/media/ullmann/hdd/research/engines/Urho3D/Source/Samples/19_VehicleDemo/Vehicle.h,0,2,2
/media/ullmann/hdd/research/engines/Urho3D/include/Urho3D/Core/Attribute.h,3,4,7
/media/ullmann/hdd/research/engines/Urho3D/include/Urho3D/ThirdParty/slikenet/peer.h,0,2,2
/media/ullmann/hdd/research/engines/Urho3D/Source/ThirdParty/Box2D/src/dynamics/b2_chain_circle_contact.cpp,5,0,5
/media/ullmann/hdd/research/engines/Urho3D/Source/ThirdParty/SDL/src/video/dummy/SDL_nullframebuffer.c,3,0,3
/media/ullmann/hdd/research/engines/Urho3D/include/Urho3D/ThirdParty/ik/solver_FABRIK.h,3,2,5
/media/ullmann/hdd/research/engines/Urho3D/Source/ThirdParty/SDL/src/libm/k_sin.c,2,0,2
/media/ullmann/hdd/research/engines/Urho3D/Source/ThirdParty/SDL/src/events/SDL_events.c,5,0,5
/media/ullmann/hdd/research/engines/Urho3D/include/Urho3D/UI/FontFaceFreeType.h,1,1,2
/media/ullmann/hdd/research/engines/Urho3D/script/build/include/Urho3D/GraphicsAPI/Direct3D11/D3D11VertexDeclaration.h,3,1,4
/media/ullmann/hdd/research/engines/Urho3D/Source/ThirdParty/FreeType/src/gxvalid/gxvmod.c,3,1,4
/media/ullmann/hdd/research/engines/Urho3D/Source/Urho3D/AngelScript/Generated_Enums.cpp,3,0,3
/media/ullmann/hdd/research/engines/Urho3D/include/Urho3D/Math/Plane.h,1,3,4
/media/ullmann/hdd/research/engines/Urho3D/Source/ThirdParty/SLikeNet/Source/UDPForwarder.h,1,0,1
/media/ullmann/hdd/research/engines/Urho3D/Source/ThirdParty/SLikeNet/Source/slikenet/TCPInterface.h,1,0,1
/media/ullmann/hdd/research/engines/Urho3D/script/build/include/Urho3D/Core/Thread.h,1,5,6
/media/ullmann/hdd/research/engines/Urho3D/Source/ThirdParty/AngelScript/source/as_string_util.cpp,3,0,3
/media/ullmann/hdd/research/engines/Urho3D/script/build/include/Urho3D/Physics2D/ConstraintMotor2D.h,1,1,2
/media/ullmann/hdd/research/engines/Urho3D/Source/ThirdParty/FreeType/src/autofit/afangles.c,1,1,2
/media/ullmann/hdd/research/engines/Urho3D/Source/Samples/46_RaycastVehicle/RaycastVehicleDemo.h,1,1,2
/media/ullmann/hdd/research/engines/Urho3D/Source/ThirdParty/Box2D/include/box2d/b2_timer.h,2,1,3
/media/ullmann/hdd/research/engines/Urho3D/Source/Urho3D/Urho2D/TileMapDefs2D.cpp,5,0,5
/media/ullmann/hdd/research/engines/Urho3D/Source/ThirdParty/AngelScript/source/as_parser.cpp,5,0,5
/media/ullmann/hdd/research/engines/Urho3D/Source/ThirdParty/Assimp/contrib/irrXML/irrString.h,1,2,3
/media/ullmann/hdd/research/engines/Urho3D/Source/ThirdParty/SDL/src/video/khronos/vulkan/vk_icd.h,1,0,1
/media/ullmann/hdd/research/engines/Urho3D/Source/ThirdParty/SLikeNet/Source/TableSerializer.h,1,0,1
/media/ullmann/hdd/research/engines/Urho3D/Source/ThirdParty/SDL/src/video/dummy/SDL_nullvideo.h,2,3,5
/media/ullmann/hdd/research/engines/Urho3D/Source/ThirdParty/SLikeNet/Source/slikenet/SocketIncludes.h,1,0,1
/media/ullmann/hdd/research/engines/Urho3D/Source/ThirdParty/SLikeNet/Source/TwoWayAuthentication.h,1,0,1
/media/ullmann/hdd/research/engines/Urho3D/include/Urho3D/ThirdParty/SDL/SDL_cpuinfo.h,3,1,4
/media/ullmann/hdd/research/engines/Urho3D/Source/ThirdParty/Tracy/libbacktrace/alloc.cpp,4,1,5
/media/ullmann/hdd/research/engines/Urho3D/Source/ThirdParty/Bullet/src/BulletCollision/CollisionShapes/btCapsuleShape.h,1,3,4
/media/ullmann/hdd/research/engines/Urho3D/Source/ThirdParty/Box2D/include/box2d/b2_time_of_impact.h,3,0,3
/media/ullmann/hdd/research/engines/Urho3D/Source/ThirdParty/SDL/src/events/scancodes_windows.h,1,3,4
/media/ullmann/hdd/research/engines/Urho3D/include/Urho3D/Engine/EngineEvents.h,1,0,1
/media/ullmann/hdd/research/engines/Urho3D/Source/Urho3D/Database/ODBC/ODBCConnection.h,2,1,3
/media/ullmann/hdd/research/engines/Urho3D/Source/Samples/36_Urho2DTileMap/Urho2DTileMap.h,1,1,2
/media/ullmann/hdd/research/engines/Urho3D/Source/ThirdParty/Assimp/code/Bitmap.cpp,2,0,2
/media/ullmann/hdd/research/engines/Urho3D/Source/ThirdParty/Assimp/code/Bitmap.h,0,4,4
/media/ullmann/hdd/research/engines/Urho3D/Source/ThirdParty/MojoShader/mojoshader_lexer.c,1,0,1
/media/ullmann/hdd/research/engines/Urho3D/Source/ThirdParty/WebP/src/dsp/enc.c,2,0,2
/media/ullmann/hdd/research/engines/Urho3D/Source/ThirdParty/Assimp/code/MD5Parser.cpp,5,0,5
/media/ullmann/hdd/research/engines/Urho3D/Source/ThirdParty/SDL/src/video/cocoa/SDL_cocoaopengl.h,1,1,2
/media/ullmann/hdd/research/engines/Urho3D/Source/ThirdParty/Box2D/src/dynamics/b2_chain_circle_contact.h,1,2,3
/media/ullmann/hdd/research/engines/Urho3D/Source/ThirdParty/SLikeNet/Source/FileOperations.h,1,0,1
/media/ullmann/hdd/research/engines/Urho3D/Source/ThirdParty/Assimp/code/XFileImporter.cpp,4,0,4
/media/ullmann/hdd/research/engines/Urho3D/Source/ThirdParty/SLikeNet/Source/slikenet/ReplicaManager3.h,1,0,1
/media/ullmann/hdd/research/engines/Urho3D/Source/ThirdParty/FreeType/src/base/ftstream.c,0,1,1
/media/ullmann/hdd/research/engines/Urho3D/Source/ThirdParty/SLikeNet/Source/slikenet/StatisticsHistory.h,1,0,1
/media/ullmann/hdd/research/engines/Urho3D/Source/ThirdParty/SLikeNet/Source/Gets.h,1,0,1
/media/ullmann/hdd/research/engines/Urho3D/Source/ThirdParty/SLikeNet/Source/include/slikenet/Gets.h,0,2,2
/media/ullmann/hdd/research/engines/Urho3D/script/build/include/Urho3D/ThirdParty/rapidjson/msinttypes/stdint.h,0,2,2
/media/ullmann/hdd/research/engines/Urho3D/Source/ThirdParty/Assimp/contrib/Open3DGC/o3dgcSC3DMCEncoder.inl,0,1,1
/media/ullmann/hdd/research/engines/Urho3D/Source/ThirdParty/WebP/src/dsp/filters_mips_dsp_r2.c,1,0,1
/media/ullmann/hdd/research/engines/Urho3D/Source/ThirdParty/SDL/src/render/software/SDL_blendpoint.h,1,3,4
/media/ullmann/hdd/research/engines/Urho3D/Source/ThirdParty/SLikeNet/Source/slikenet/PS4Includes.h,1,0,1
/media/ullmann/hdd/research/engines/Urho3D/Source/ThirdParty/SLikeNet/Source/include/slikenet/PS4Includes.h,0,2,2
/media/ullmann/hdd/research/engines/Urho3D/Source/ThirdParty/LibCpuId/src/libcpuid_constants.h,0,1,1
/media/ullmann/hdd/research/engines/Urho3D/Source/ThirdParty/Bullet/src/BulletCollision/BroadphaseCollision/btOverlappingPairCallback.h,0,3,3
/media/ullmann/hdd/research/engines/Urho3D/Source/Urho3D/Math/Matrix2.h,1,2,3
/media/ullmann/hdd/research/engines/Urho3D/Source/ThirdParty/WebP/src/dsp/dec_sse41.c,3,0,3
/media/ullmann/hdd/research/engines/Urho3D/Source/ThirdParty/Detour/Include/DetourStatus.h,0,2,2
/media/ullmann/hdd/research/engines/Urho3D/script/build/include/Urho3D/ThirdParty/rapidjson/memorybuffer.h,2,0,2
/media/ullmann/hdd/research/engines/Urho3D/Source/ThirdParty/Detour/Include/DetourNavMeshQuery.h,2,0,2
/media/ullmann/hdd/research/engines/Urho3D/Source/ThirdParty/ik/include/ik/memory.h,1,0,1
/media/ullmann/hdd/research/engines/Urho3D/Source/ThirdParty/Assimp/code/NDOLoader.cpp,2,0,2
/media/ullmann/hdd/research/engines/Urho3D/Source/Urho3D/Urho2D/Urho2DEvents.h,1,1,2
/media/ullmann/hdd/research/engines/Urho3D/Source/ThirdParty/Assimp/include/assimp/quaternion.h,1,1,2
/media/ullmann/hdd/research/engines/Urho3D/Source/ThirdParty/SLikeNet/Source/CheckSum.h,1,0,1
/media/ullmann/hdd/research/engines/Urho3D/Source/ThirdParty/FreeType/src/sfnt/ttkern.h,0,3,3
/media/ullmann/hdd/research/engines/Urho3D/include/Urho3D/ThirdParty/slikenet/DR_SHA1.h,0,2,2
/media/ullmann/hdd/research/engines/Urho3D/Source/ThirdParty/Bullet/src/LinearMath/btTransformUtil.h,1,0,1
/media/ullmann/hdd/research/engines/Urho3D/Source/ThirdParty/WebP/src/enc/tree_enc.c,1,0,1
/media/ullmann/hdd/research/engines/Urho3D/Source/ThirdParty/WebP/src/dec/common_dec.h,0,2,2
/media/ullmann/hdd/research/engines/Urho3D/Source/ThirdParty/Assimp/include/assimp/vector2.h,3,1,4
/media/ullmann/hdd/research/engines/Urho3D/Source/ThirdParty/Assimp/code/SpatialSort.h,0,4,4
/media/ullmann/hdd/research/engines/Urho3D/Source/ThirdParty/SLikeNet/Source/UDPProxyCommon.h,1,0,1
/media/ullmann/hdd/research/engines/Urho3D/Source/ThirdParty/Bullet/src/BulletSoftBody/btCGProjection.h,1,1,2
/media/ullmann/hdd/research/engines/Urho3D/Source/ThirdParty/LuaJIT/src/lj_asm.h,1,2,3
/media/ullmann/hdd/research/engines/Urho3D/script/build/include/Urho3D/ThirdParty/SDL/SDL_opengl.h,2,0,2
/media/ullmann/hdd/research/engines/Urho3D/script/build/include/Urho3D/ThirdParty/ik/bst_vector.h,2,0,2
/media/ullmann/hdd/research/engines/Urho3D/Source/ThirdParty/Assimp/code/ConvertToLHProcess.cpp,1,0,1
/media/ullmann/hdd/research/engines/Urho3D/Source/ThirdParty/SDL/src/video/kmsdrm/SDL_kmsdrmevents.c,4,0,4
/media/ullmann/hdd/research/engines/Urho3D/Source/ThirdParty/Assimp/code/MMDPmdParser.h,1,1,2
/media/ullmann/hdd/research/engines/Urho3D/Source/ThirdParty/Assimp/code/MMDCpp14.h,0,3,3
/media/ullmann/hdd/research/engines/Urho3D/Source/ThirdParty/SDL/src/core/linux/SDL_evdev_kbd_default_accents.h,0,1,1
/media/ullmann/hdd/research/engines/Urho3D/Source/ThirdParty/Bullet/src/BulletCollision/CollisionDispatch/btConvexConvexAlgorithm.h,3,1,4
/media/ullmann/hdd/research/engines/Urho3D/Source/ThirdParty/SDL/src/core/windows/SDL_xinput.c,2,0,2
/media/ullmann/hdd/research/engines/Urho3D/Source/ThirdParty/Assimp/code/MD2Loader.cpp,3,0,3
/media/ullmann/hdd/research/engines/Urho3D/Source/ThirdParty/LuaJIT/src/lj_asm_mips.h,0,1,1
/media/ullmann/hdd/research/engines/Urho3D/include/Urho3D/ThirdParty/slikenet/LogCommandParser.h,0,2,2
/media/ullmann/hdd/research/engines/Urho3D/include/Urho3D/Core/Thread.h,1,5,6
/media/ullmann/hdd/research/engines/Urho3D/Source/ThirdParty/Bullet/src/BulletDynamics/ConstraintSolver/btBatchedConstraints.cpp,1,0,1
/media/ullmann/hdd/research/engines/Urho3D/Source/ThirdParty/Bullet/src/BulletDynamics/ConstraintSolver/btBatchedConstraints.h,0,2,2
/media/ullmann/hdd/research/engines/Urho3D/Source/ThirdParty/SDL/src/libm/e_log.c,2,0,2
/media/ullmann/hdd/research/engines/Urho3D/Source/ThirdParty/FreeType/src/autofit/aflatin.c,5,1,6
/media/ullmann/hdd/research/engines/Urho3D/Source/ThirdParty/Assimp/code/OFFLoader.h,1,2,3
/media/ullmann/hdd/research/engines/Urho3D/Source/ThirdParty/SDL/include/SDL_clipboard.h,3,1,4
/media/ullmann/hdd/research/engines/Urho3D/Source/ThirdParty/SDL/src/render/software/SDL_blendpoint.c,3,0,3
/media/ullmann/hdd/research/engines/Urho3D/script/build/include/Urho3D/Database/DbResult.h,2,2,4
/media/ullmann/hdd/research/engines/Urho3D/script/build/include/Urho3D/Database/ODBC/ODBCResult.h,1,1,2
/media/ullmann/hdd/research/engines/Urho3D/include/Urho3D/Graphics/AnimationState.h,2,3,5
/media/ullmann/hdd/research/engines/Urho3D/script/build/include/Urho3D/Graphics/GraphicsEvents.h,1,0,1
/media/ullmann/hdd/research/engines/Urho3D/Source/ThirdParty/FreeType/src/smooth/ftspic.c,2,1,3
/media/ullmann/hdd/research/engines/Urho3D/Source/ThirdParty/SDL/src/audio/android/SDL_androidaudio.h,2,1,3
/media/ullmann/hdd/research/engines/Urho3D/Source/ThirdParty/FreeType/src/gxvalid/gxvmort0.c,1,1,2
/media/ullmann/hdd/research/engines/Urho3D/Source/ThirdParty/Bullet/src/BulletCollision/CollisionShapes/btConvexPolyhedron.cpp,1,0,1
/media/ullmann/hdd/research/engines/Urho3D/Source/ThirdParty/SDL/src/render/direct3d11/SDL_render_winrt.h,1,2,3
/media/ullmann/hdd/research/engines/Urho3D/include/Urho3D/Engine/EngineDefs.h,0,1,1
/media/ullmann/hdd/research/engines/Urho3D/Source/ThirdParty/WebP/src/dsp/enc_mips32.c,4,0,4
/media/ullmann/hdd/research/engines/Urho3D/Source/ThirdParty/SDL/src/video/haiku/SDL_bkeyboard.h,1,3,4
/media/ullmann/hdd/research/engines/Urho3D/Source/ThirdParty/Bullet/src/BulletCollision/CollisionShapes/btMultiSphereShape.h,1,2,3
/media/ullmann/hdd/research/engines/Urho3D/Source/ThirdParty/Bullet/src/BulletCollision/CollisionShapes/btTetrahedronShape.cpp,1,0,1
/media/ullmann/hdd/research/engines/Urho3D/Source/ThirdParty/SDL/src/main/nacl/SDL_nacl_main.c,1,0,1
/media/ullmann/hdd/research/engines/Urho3D/Source/Urho3D/Database/DatabaseEvents.h,2,2,4
/media/ullmann/hdd/research/engines/Urho3D/Source/ThirdParty/Lua/src/ldblib.c,3,0,3
/media/ullmann/hdd/research/engines/Urho3D/include/Urho3D/Database/DbResult.h,2,2,4
/media/ullmann/hdd/research/engines/Urho3D/Source/ThirdParty/SDL/src/video/khronos/vulkan/vulkan_ios.h,0,1,1
/media/ullmann/hdd/research/engines/Urho3D/Source/ThirdParty/FreeType/src/gxvalid/gxvmod.h,0,1,1
/media/ullmann/hdd/research/engines/Urho3D/Source/ThirdParty/Tracy/libbacktrace/mmapio.cpp,3,1,4
/media/ullmann/hdd/research/engines/Urho3D/Source/ThirdParty/Bullet/src/BulletDynamics/Dynamics/btDiscreteDynamicsWorld.cpp,1,0,1
/media/ullmann/hdd/research/engines/Urho3D/Source/ThirdParty/Bullet/src/BulletDynamics/Dynamics/btDiscreteDynamicsWorld.h,1,3,4
/media/ullmann/hdd/research/engines/Urho3D/script/build/include/Urho3D/LuaScript/LuaScriptEventListener.h,1,2,3
/media/ullmann/hdd/research/engines/Urho3D/Source/ThirdParty/SLikeNet/Source/VariableListDeltaTracker.h,1,0,1
/media/ullmann/hdd/research/engines/Urho3D/Source/ThirdParty/Box2D/src/dynamics/b2_prismatic_joint.cpp,4,0,4
/media/ullmann/hdd/research/engines/Urho3D/Source/ThirdParty/Bullet/src/LinearMath/btPoolAllocator.h,3,0,3
/media/ullmann/hdd/research/engines/Urho3D/Source/ThirdParty/WebP/src/utils/rescaler_utils.c,2,0,2
/media/ullmann/hdd/research/engines/Urho3D/Source/ThirdParty/LibCpuId/src/rdtsc.h,0,2,2
/media/ullmann/hdd/research/engines/Urho3D/include/Urho3D/Container/VectorBase.h,3,3,6
/media/ullmann/hdd/research/engines/Urho3D/include/Urho3D/Container/Iter.h,1,1,2
/media/ullmann/hdd/research/engines/Urho3D/Source/ThirdParty/SDL/src/video/x11/SDL_x11opengles.c,4,0,4
/media/ullmann/hdd/research/engines/Urho3D/Source/ThirdParty/SDL/src/video/x11/SDL_x11opengles.h,3,4,7
/media/ullmann/hdd/research/engines/Urho3D/script/build/include/Urho3D/ThirdParty/ik/solver_1bone.h,3,0,3
/media/ullmann/hdd/research/engines/Urho3D/Source/Urho3D/IO/VectorBuffer.cpp,2,0,2
/media/ullmann/hdd/research/engines/Urho3D/Source/ThirdParty/Bullet/src/BulletCollision/Gimpact/gim_tri_collision.cpp,1,0,1
/media/ullmann/hdd/research/engines/Urho3D/Source/ThirdParty/Bullet/src/BulletCollision/Gimpact/gim_tri_collision.h,2,3,5
/media/ullmann/hdd/research/engines/Urho3D/script/build/include/Urho3D/Urho2D/TileMapLayer2D.h,2,1,3
/media/ullmann/hdd/research/engines/Urho3D/Source/ThirdParty/Bullet/src/BulletSoftBody/btDeformableContactProjection.cpp,2,0,2
/media/ullmann/hdd/research/engines/Urho3D/script/build/include/Urho3D/UI/UIEvents.h,1,0,1
/media/ullmann/hdd/research/engines/Urho3D/Source/ThirdParty/LZ4/lz4opt.h,0,1,1
/media/ullmann/hdd/research/engines/Urho3D/Source/Samples/05_AnimatingScene/AnimatingScene.cpp,2,0,2
/media/ullmann/hdd/research/engines/Urho3D/Source/Samples/05_AnimatingScene/AnimatingScene.h,1,1,2
/media/ullmann/hdd/research/engines/Urho3D/Source/Samples/52_NATPunchtrough/NATPunchtrough.cpp,1,0,1
/media/ullmann/hdd/research/engines/Urho3D/Source/ThirdParty/SDL/src/video/cocoa/SDL_cocoamousetap.h,2,0,2
/media/ullmann/hdd/research/engines/Urho3D/include/Urho3D/ThirdParty/rapidjson/internal/ieee754.h,1,2,3
/media/ullmann/hdd/research/engines/Urho3D/Source/ThirdParty/Tracy/common/TracySocket.cpp,2,1,3
/media/ullmann/hdd/research/engines/Urho3D/include/Urho3D/Graphics/Zone.h,3,2,5
/media/ullmann/hdd/research/engines/Urho3D/Source/ThirdParty/Bullet/src/BulletSoftBody/btDeformableMultiBodyConstraintSolver.cpp,1,0,1
/media/ullmann/hdd/research/engines/Urho3D/Source/ThirdParty/Bullet/src/BulletSoftBody/btDeformableMultiBodyConstraintSolver.h,1,2,3
/media/ullmann/hdd/research/engines/Urho3D/Source/ThirdParty/Bullet/src/BulletCollision/CollisionDispatch/btInternalEdgeUtility.cpp,1,0,1
/media/ullmann/hdd/research/engines/Urho3D/Source/ThirdParty/Bullet/src/BulletCollision/CollisionDispatch/btInternalEdgeUtility.h,0,1,1
/media/ullmann/hdd/research/engines/Urho3D/Source/ThirdParty/Bullet/src/BulletSoftBody/btConjugateResidual.h,1,1,2
/media/ullmann/hdd/research/engines/Urho3D/Source/ThirdParty/SDL/include/SDL_opengles2_gl2platform.h,0,1,1
/media/ullmann/hdd/research/engines/Urho3D/Source/ThirdParty/SLikeNet/Source/Rackspace.h,1,0,1
/media/ullmann/hdd/research/engines/Urho3D/Source/ThirdParty/SDL/src/audio/openslES/SDL_openslES.c,3,0,3
/media/ullmann/hdd/research/engines/Urho3D/Source/ThirdParty/Tracy/common/TracyProtocol.hpp,0,1,1
/media/ullmann/hdd/research/engines/Urho3D/script/build/include/Urho3D/LuaScript/LuaScript.h,3,0,3
/media/ullmann/hdd/research/engines/Urho3D/Source/ThirdParty/rapidjson/include/rapidjson/internal/biginteger.h,1,1,2
/media/ullmann/hdd/research/engines/Urho3D/Source/ThirdParty/Bullet/src/BulletDynamics/Featherstone/btMultiBodyConstraint.cpp,2,0,2
/media/ullmann/hdd/research/engines/Urho3D/include/Urho3D/Container/Swap.h,0,5,5
/media/ullmann/hdd/research/engines/Urho3D/Source/ThirdParty/SLikeNet/Source/src/RakNetSocket.cpp,2,0,2
/media/ullmann/hdd/research/engines/Urho3D/include/Urho3D/ThirdParty/slikenet/socket.h,0,1,1
/media/ullmann/hdd/research/engines/Urho3D/Source/ThirdParty/Assimp/contrib/unzip/unzip.h,1,1,2
/media/ullmann/hdd/research/engines/Urho3D/Source/ThirdParty/Assimp/contrib/unzip/ioapi.h,0,2,2
/media/ullmann/hdd/research/engines/Urho3D/Source/ThirdParty/FreeType/src/gxvalid/gxvfeat.c,3,1,4
/media/ullmann/hdd/research/engines/Urho3D/Source/ThirdParty/WebP/src/dsp/lossless_mips_dsp_r2.c,3,0,3
/media/ullmann/hdd/research/engines/Urho3D/Source/ThirdParty/Box2D/src/common/b2_settings.cpp,1,0,1
/media/ullmann/hdd/research/engines/Urho3D/include/Urho3D/ThirdParty/box2d/b2_settings.h,0,1,1
/media/ullmann/hdd/research/engines/Urho3D/Source/ThirdParty/Bullet/src/BulletDynamics/MLCPSolvers/btMLCPSolver.cpp,2,0,2
/media/ullmann/hdd/research/engines/Urho3D/Source/ThirdParty/Bullet/src/BulletDynamics/MLCPSolvers/btMLCPSolver.h,0,1,1
/media/ullmann/hdd/research/engines/Urho3D/script/build/include/Urho3D/ThirdParty/SDL/SDL_blendmode.h,2,1,3
/media/ullmann/hdd/research/engines/Urho3D/include/Urho3D/Graphics/Geometry.h,3,1,4
/media/ullmann/hdd/research/engines/Urho3D/Source/ThirdParty/SLikeNet/Source/slikenet/DS_Heap.h,1,0,1
/media/ullmann/hdd/research/engines/Urho3D/include/Urho3D/ThirdParty/slikenet/VariadicSQLParser.h,0,1,1
/media/ullmann/hdd/research/engines/Urho3D/script/build/include/Urho3D/Graphics/Terrain.h,2,1,3
/media/ullmann/hdd/research/engines/Urho3D/Source/Urho3D/Math/Matrix3x4.cpp,3,0,3
/media/ullmann/hdd/research/engines/Urho3D/Source/Samples/99_Benchmark/AppState_Benchmark01.h,1,2,3
/media/ullmann/hdd/research/engines/Urho3D/Source/ThirdParty/Tracy/TracyOpenCL.hpp,4,0,4
/media/ullmann/hdd/research/engines/Urho3D/include/Urho3D/Database/Database.h,2,1,3
/media/ullmann/hdd/research/engines/Urho3D/Source/ThirdParty/Assimp/contrib/rapidjson/include/rapidjson/prettywriter.h,1,0,1
/media/ullmann/hdd/research/engines/Urho3D/Source/ThirdParty/Tracy/client/TracyFastVector.hpp,2,2,4
/media/ullmann/hdd/research/engines/Urho3D/Source/ThirdParty/WebP/src/dsp/yuv_mips_dsp_r2.c,2,0,2
/media/ullmann/hdd/research/engines/Urho3D/Source/ThirdParty/SDL/src/thread/psp/SDL_sysmutex_c.h,1,0,1
/media/ullmann/hdd/research/engines/Urho3D/Source/ThirdParty/SDL/src/render/direct3d/SDL_render_d3d.c,6,0,6
/media/ullmann/hdd/research/engines/Urho3D/Source/ThirdParty/Bullet/src/BulletCollision/NarrowPhaseCollision/btSimplexSolverInterface.h,1,6,7
/media/ullmann/hdd/research/engines/Urho3D/Source/ThirdParty/SDL/src/stdlib/SDL_qsort.c,1,0,1
/media/ullmann/hdd/research/engines/Urho3D/Source/ThirdParty/SDL/src/video/emscripten/SDL_emscriptenmouse.h,0,2,2
/media/ullmann/hdd/research/engines/Urho3D/Source/ThirdParty/Bullet/src/BulletDynamics/ConstraintSolver/btSliderConstraint.cpp,1,0,1
/media/ullmann/hdd/research/engines/Urho3D/Source/ThirdParty/SLikeNet/Source/src/DR_SHA1.cpp,1,0,1
/media/ullmann/hdd/research/engines/Urho3D/Source/ThirdParty/SLikeNet/Source/slikenet/Kbhit.h,1,0,1
/media/ullmann/hdd/research/engines/Urho3D/Source/ThirdParty/SLikeNet/Source/include/slikenet/Kbhit.h,0,2,2
/media/ullmann/hdd/research/engines/Urho3D/Source/ThirdParty/SLikeNet/Source/LinuxStrings.h,1,0,1
/media/ullmann/hdd/research/engines/Urho3D/Source/ThirdParty/SLikeNet/Source/include/slikenet/LinuxStrings.h,0,2,2
/media/ullmann/hdd/research/engines/Urho3D/Source/ThirdParty/Bullet/src/BulletSoftBody/btSoftSoftCollisionAlgorithm.cpp,2,0,2
/media/ullmann/hdd/research/engines/Urho3D/Source/ThirdParty/rapidjson/include/rapidjson/internal/pow10.h,1,1,2
/media/ullmann/hdd/research/engines/Urho3D/Source/ThirdParty/Assimp/code/BlenderDNA.inl,0,1,1
/media/ullmann/hdd/research/engines/Urho3D/Source/ThirdParty/SDL/src/thread/generic/SDL_systhread.c,2,0,2
/media/ullmann/hdd/research/engines/Urho3D/Source/ThirdParty/LuaJIT/src/luaconf.h,0,1,1
/media/ullmann/hdd/research/engines/Urho3D/Source/Urho3D/Navigation/DynamicNavigationMesh.h,1,6,7
/media/ullmann/hdd/research/engines/Urho3D/Source/Tools/BindingGenerator/Utils.cpp,1,0,1
/media/ullmann/hdd/research/engines/Urho3D/Source/ThirdParty/FreeType/src/autofit/afmodule.h,0,4,4
/media/ullmann/hdd/research/engines/Urho3D/Source/ThirdParty/Assimp/include/assimp/LogStream.hpp,1,1,2
/media/ullmann/hdd/research/engines/Urho3D/Source/Samples/49_Urho2DIsometricDemo/Urho2DIsometricDemo.cpp,4,0,4
/media/ullmann/hdd/research/engines/Urho3D/Source/ThirdParty/SLikeNet/Source/DS_BinarySearchTree.h,1,0,1
/media/ullmann/hdd/research/engines/Urho3D/Source/ThirdParty/FreeType/src/base/ftglyph.c,1,0,1
/media/ullmann/hdd/research/engines/Urho3D/Source/ThirdParty/SDL/src/thread/generic/SDL_syssem.c,2,1,3
/media/ullmann/hdd/research/engines/Urho3D/Source/ThirdParty/SLikeNet/Source/CommandParserInterface.h,1,0,1
/media/ullmann/hdd/research/engines/Urho3D/Source/ThirdParty/SLikeNet/Source/slikenet/StringTable.h,1,0,1
/media/ullmann/hdd/research/engines/Urho3D/include/Urho3D/ThirdParty/slikenet/CommandParserInterface.h,0,2,2
/media/ullmann/hdd/research/engines/Urho3D/Source/ThirdParty/SLikeNet/Source/slikenet/DS_WeightedGraph.h,1,0,1
/media/ullmann/hdd/research/engines/Urho3D/Source/ThirdParty/SLikeNet/Source/FileListTransferCBInterface.h,1,0,1
/media/ullmann/hdd/research/engines/Urho3D/Source/ThirdParty/Assimp/code/RemoveRedundantMaterials.cpp,4,0,4
/media/ullmann/hdd/research/engines/Urho3D/Source/Urho3D/Core/Profiler.cpp,3,0,3
/media/ullmann/hdd/research/engines/Urho3D/Source/ThirdParty/Bullet/src/BulletCollision/NarrowPhaseCollision/btManifoldPoint.h,0,1,1
/media/ullmann/hdd/research/engines/Urho3D/Source/ThirdParty/Bullet/src/BulletDynamics/Dynamics/btDiscreteDynamicsWorldMt.cpp,2,0,2
/media/ullmann/hdd/research/engines/Urho3D/Source/ThirdParty/SDL/src/video/x11/SDL_x11keyboard.c,6,0,6
/media/ullmann/hdd/research/engines/Urho3D/Source/ThirdParty/FreeType/src/gzip/ftzconf.h,0,1,1
/media/ullmann/hdd/research/engines/Urho3D/Source/Urho3D/Urho2D/StretchableSprite2D.cpp,7,0,7
/media/ullmann/hdd/research/engines/Urho3D/Source/Urho3D/Urho2D/StretchableSprite2D.h,1,3,4
/media/ullmann/hdd/research/engines/Urho3D/Source/ThirdParty/Bullet/src/BulletDynamics/Dynamics/btRigidBody.cpp,1,0,1
/media/ullmann/hdd/research/engines/Urho3D/Source/ThirdParty/FreeType/src/pfr/pfrdrivr.c,3,1,4
/media/ullmann/hdd/research/engines/Urho3D/Source/ThirdParty/FreeType/src/pfr/pfrdrivr.h,0,1,1
/media/ullmann/hdd/research/engines/Urho3D/Source/ThirdParty/WebP/src/dsp/filters_neon.c,2,0,2
/media/ullmann/hdd/research/engines/Urho3D/Source/ThirdParty/Bullet/src/BulletCollision/Gimpact/btContactProcessingStructs.h,1,1,2
/media/ullmann/hdd/research/engines/Urho3D/Source/ThirdParty/Bullet/src/BulletCollision/Gimpact/btGeometryOperations.h,1,1,2
/media/ullmann/hdd/research/engines/Urho3D/Source/ThirdParty/SLikeNet/Source/slikenet/DS_Table.h,1,0,1
/media/ullmann/hdd/research/engines/Urho3D/Source/ThirdParty/Assimp/code/FindDegenerates.h,1,2,3
/media/ullmann/hdd/research/engines/Urho3D/include/Urho3D/Graphics/CustomGeometry.h,1,1,2
/media/ullmann/hdd/research/engines/Urho3D/Source/ThirdParty/SLikeNet/Source/ThreadsafePacketLogger.h,1,0,1
/media/ullmann/hdd/research/engines/Urho3D/Source/ThirdParty/Bullet/src/BulletCollision/CollisionShapes/btStaticPlaneShape.h,1,2,3
/media/ullmann/hdd/research/engines/Urho3D/Source/ThirdParty/SLikeNet/Source/src/SimpleMutex.cpp,2,0,2
/media/ullmann/hdd/research/engines/Urho3D/Source/ThirdParty/Bullet/src/BulletCollision/CollisionShapes/btTriangleIndexVertexArray.cpp,1,0,1
/media/ullmann/hdd/research/engines/Urho3D/Source/ThirdParty/MojoShader/mojoshader.c,1,0,1
/media/ullmann/hdd/research/engines/Urho3D/script/build/include/Urho3D/UI/Slider.h,1,1,2
/media/ullmann/hdd/research/engines/Urho3D/Source/ThirdParty/SLikeNet/Source/FileListNodeContext.h,1,0,1
/media/ullmann/hdd/research/engines/Urho3D/Source/ThirdParty/SDL/src/video/haiku/SDL_bframebuffer.cc,5,0,5
/media/ullmann/hdd/research/engines/Urho3D/Source/ThirdParty/Bullet/src/BulletDynamics/Featherstone/btMultiBodyJointFeedback.h,0,1,1
/media/ullmann/hdd/research/engines/Urho3D/Source/ThirdParty/Box2D/include/box2d/b2_growable_stack.h,1,1,2
/media/ullmann/hdd/research/engines/Urho3D/include/Urho3D/Navigation/CrowdManager.h,1,3,4
/media/ullmann/hdd/research/engines/Urho3D/Source/ThirdParty/SLikeNet/Source/src/VariableListDeltaTracker.cpp,1,0,1
/media/ullmann/hdd/research/engines/Urho3D/include/Urho3D/ThirdParty/slikenet/VariableListDeltaTracker.h,0,1,1
/media/ullmann/hdd/research/engines/Urho3D/Source/ThirdParty/Assimp/code/XFileImporter.h,2,2,4
/media/ullmann/hdd/research/engines/Urho3D/Source/ThirdParty/SLikeNet/Source/slikenet/Export.h,1,0,1
/media/ullmann/hdd/research/engines/Urho3D/Source/ThirdParty/ETCPACK/source/etcpack.cxx,1,0,1
/media/ullmann/hdd/research/engines/Urho3D/Source/ThirdParty/SLikeNet/Source/slikenet/RandSync.h,1,0,1
/media/ullmann/hdd/research/engines/Urho3D/Source/ThirdParty/SLikeNet/Source/include/slikenet/RandSync.h,4,2,6
/media/ullmann/hdd/research/engines/Urho3D/Source/ThirdParty/Bullet/src/BulletCollision/CollisionDispatch/btBoxBoxCollisionAlgorithm.h,1,1,2
/media/ullmann/hdd/research/engines/Urho3D/Source/ThirdParty/Assimp/include/assimp/metadata.h,1,1,2
/media/ullmann/hdd/research/engines/Urho3D/Source/ThirdParty/Assimp/include/assimp/Compiler/pstdint.h,0,1,1
/media/ullmann/hdd/research/engines/Urho3D/Source/ThirdParty/Assimp/code/ComputeUVMappingProcess.h,1,2,3
/media/ullmann/hdd/research/engines/Urho3D/include/Urho3D/ThirdParty/slikenet/RPC4Plugin.h,0,1,1
/media/ullmann/hdd/research/engines/Urho3D/include/Urho3D/ThirdParty/ik/solver_jacobian_transpose.h,1,1,2
/media/ullmann/hdd/research/engines/Urho3D/Source/ThirdParty/Assimp/code/MD4FileData.h,3,0,3
/media/ullmann/hdd/research/engines/Urho3D/Source/ThirdParty/Assimp/code/SortByPTypeProcess.cpp,3,0,3
/media/ullmann/hdd/research/engines/Urho3D/include/Urho3D/Urho2D/Urho2D.h,0,3,3
/media/ullmann/hdd/research/engines/Urho3D/Source/ThirdParty/SDL/src/joystick/linux/SDL_sysjoystick_c.h,0,2,2
/media/ullmann/hdd/research/engines/Urho3D/Source/Samples/99_Benchmark/Benchmark03_MoleculeLogic.cpp,1,0,1
/media/ullmann/hdd/research/engines/Urho3D/Source/Urho3D/AngelScript/Manual_IK.cpp,3,0,3
/media/ullmann/hdd/research/engines/Urho3D/Source/ThirdParty/Bullet/src/BulletDynamics/Vehicle/btRaycastVehicle.cpp,3,0,3
/media/ullmann/hdd/research/engines/Urho3D/Source/ThirdParty/Box2D/src/dynamics/b2_circle_contact.h,1,2,3
/media/ullmann/hdd/research/engines/Urho3D/Source/ThirdParty/SDL/src/audio/sndio/SDL_sndioaudio.c,3,0,3
/media/ullmann/hdd/research/engines/Urho3D/Source/ThirdParty/Assimp/contrib/rapidjson/include/rapidjson/internal/regex.h,3,1,4
/media/ullmann/hdd/research/engines/Urho3D/Source/ThirdParty/SDL/src/joystick/controller_type.h,0,1,1
/media/ullmann/hdd/research/engines/Urho3D/Source/ThirdParty/Assimp/code/ColladaLoader.h,2,2,4
/media/ullmann/hdd/research/engines/Urho3D/Source/ThirdParty/Bullet/src/BulletCollision/CollisionShapes/btMultiSphereShape.cpp,1,0,1
/media/ullmann/hdd/research/engines/Urho3D/Source/ThirdParty/SLikeNet/Source/IncrementalReadInterface.h,1,0,1
/media/ullmann/hdd/research/engines/Urho3D/Source/ThirdParty/SDL/src/render/software/SDL_render_sw_c.h,0,2,2
/media/ullmann/hdd/research/engines/Urho3D/Source/ThirdParty/WebP/src/dsp/cost_mips_dsp_r2.c,2,0,2
/media/ullmann/hdd/research/engines/Urho3D/Source/ThirdParty/SLikeNet/Source/DS_HuffmanEncodingTree.h,1,0,1
/media/ullmann/hdd/research/engines/Urho3D/Source/ThirdParty/WebP/src/dsp/yuv_sse2.c,2,0,2
/media/ullmann/hdd/research/engines/Urho3D/Source/ThirdParty/Bullet/src/BulletCollision/Gimpact/gim_clip_polygon.h,0,2,2
/media/ullmann/hdd/research/engines/Urho3D/script/build/include/Urho3D/AngelScript/aswrappedcall.h,1,1,2
/media/ullmann/hdd/research/engines/Urho3D/Source/ThirdParty/FreeType/src/sfnt/ttpost.h,0,2,2
/media/ullmann/hdd/research/engines/Urho3D/Source/Samples/41_DatabaseDemo/DatabaseDemo.h,1,1,2
/media/ullmann/hdd/research/engines/Urho3D/Source/ThirdParty/Bullet/src/BulletSoftBody/btKrylovSolver.h,0,2,2
/media/ullmann/hdd/research/engines/Urho3D/Source/ThirdParty/LibCpuId/src/libcpuid_types.h,0,1,1
/media/ullmann/hdd/research/engines/Urho3D/Source/ThirdParty/Assimp/code/Macros.h,0,6,6
/media/ullmann/hdd/research/engines/Urho3D/Source/ThirdParty/Bullet/src/BulletDynamics/ConstraintSolver/btConeTwistConstraint.cpp,1,0,1
/media/ullmann/hdd/research/engines/Urho3D/Source/ThirdParty/Assimp/code/CSMLoader.h,1,2,3
/media/ullmann/hdd/research/engines/Urho3D/Source/ThirdParty/SDL/src/libm/s_tan.c,2,0,2
/media/ullmann/hdd/research/engines/Urho3D/Source/ThirdParty/SLikeNet/Source/RakNetSocket.h,1,0,1
/media/ullmann/hdd/research/engines/Urho3D/Source/ThirdParty/Assimp/code/Q3BSPZipArchive.cpp,1,0,1
/media/ullmann/hdd/research/engines/Urho3D/script/build/include/Urho3D/Container/LinkedList.h,1,2,3
/media/ullmann/hdd/research/engines/Urho3D/Source/ThirdParty/FreeType/src/truetype/ttpic.c,2,1,3
/media/ullmann/hdd/research/engines/Urho3D/Source/ThirdParty/Assimp/code/ObjExporter.cpp,3,0,3
/media/ullmann/hdd/research/engines/Urho3D/Source/ThirdParty/Assimp/code/ObjExporter.h,0,1,1
/media/ullmann/hdd/research/engines/Urho3D/Source/Samples/18_CharacterDemo/Touch.h,0,2,2
/media/ullmann/hdd/research/engines/Urho3D/Source/ThirdParty/SDL/src/filesystem/winrt/SDL_sysfilesystem.cpp,2,0,2
/media/ullmann/hdd/research/engines/Urho3D/script/build/include/Urho3D/Physics2D/Physics2D.h,0,1,1
/media/ullmann/hdd/research/engines/Urho3D/Source/ThirdParty/Bullet/src/LinearMath/btSpatialAlgebra.h,1,0,1
/media/ullmann/hdd/research/engines/Urho3D/include/Urho3D/Physics/PhysicsUtils.h,2,1,3
/media/ullmann/hdd/research/engines/Urho3D/Source/ThirdParty/Bullet/src/BulletCollision/Gimpact/gim_contact.cpp,1,0,1
/media/ullmann/hdd/research/engines/Urho3D/Source/ThirdParty/SLikeNet/Source/slikenet/transport2.h,1,0,1
/media/ullmann/hdd/research/engines/Urho3D/Source/ThirdParty/SLikeNet/Source/slikenet/DS_RangeList.h,1,0,1
/media/ullmann/hdd/research/engines/Urho3D/Source/ThirdParty/Assimp/code/OFFLoader.cpp,3,0,3
/media/ullmann/hdd/research/engines/Urho3D/script/build/include/Urho3D/Container/Hash.h,0,3,3
/media/ullmann/hdd/research/engines/Urho3D/script/build/include/Urho3D/Physics2D/ConstraintPrismatic2D.h,1,1,2
/media/ullmann/hdd/research/engines/Urho3D/Source/ThirdParty/SDL/src/haptic/SDL_haptic_c.h,0,2,2
/media/ullmann/hdd/research/engines/Urho3D/Source/ThirdParty/Assimp/code/LWOMaterial.cpp,2,0,2
/media/ullmann/hdd/research/engines/Urho3D/Source/ThirdParty/Assimp/contrib/rapidjson/include/rapidjson/istreamwrapper.h,1,0,1
/media/ullmann/hdd/research/engines/Urho3D/Source/ThirdParty/DetourCrowd/Include/DetourPathQueue.h,0,1,1
/media/ullmann/hdd/research/engines/Urho3D/Source/Urho3D/Graphics/RibbonTrail.h,1,3,4
/media/ullmann/hdd/research/engines/Urho3D/Source/ThirdParty/SDL/src/video/khronos/vulkan/vulkan_xlib.h,0,1,1
/media/ullmann/hdd/research/engines/Urho3D/Source/ThirdParty/FreeType/src/gxvalid/gxvprop.c,2,1,3
/media/ullmann/hdd/research/engines/Urho3D/Source/ThirdParty/Bullet/src/BulletCollision/BroadphaseCollision/btOverlappingPairCache.cpp,3,0,3
/media/ullmann/hdd/research/engines/Urho3D/include/Urho3D/ThirdParty/slikenet/NatTypeDetectionCommon.h,0,1,1
/media/ullmann/hdd/research/engines/Urho3D/Source/ThirdParty/Assimp/include/assimp/version.h,1,0,1
/media/ullmann/hdd/research/engines/Urho3D/include/Urho3D/UI/LineEdit.h,1,1,2
/media/ullmann/hdd/research/engines/Urho3D/include/Urho3D/ThirdParty/SDL/SDL_quit.h,2,1,3
/media/ullmann/hdd/research/engines/Urho3D/Source/ThirdParty/FreeType/src/cache/ftcmru.c,2,1,3
/media/ullmann/hdd/research/engines/Urho3D/Source/ThirdParty/SDL/src/video/android/SDL_androidclipboard.h,1,2,3
/media/ullmann/hdd/research/engines/Urho3D/include/Urho3D/ThirdParty/rapidjson/istreamwrapper.h,1,0,1
/media/ullmann/hdd/research/engines/Urho3D/Source/ThirdParty/Box2D/include/box2d/b2_world_callbacks.h,2,2,4
/media/ullmann/hdd/research/engines/Urho3D/Source/ThirdParty/FreeType/src/cff/cfftoken.h,0,1,1
/media/ullmann/hdd/research/engines/Urho3D/Source/ThirdParty/SDL/src/video/khronos/vulkan/vulkan_vi.h,0,1,1
/media/ullmann/hdd/research/engines/Urho3D/Source/ThirdParty/FreeType/src/base/ftinit.c,1,0,1
/media/ullmann/hdd/research/engines/Urho3D/script/build/include/Urho3D/AngelScript/Manual_Core.h,2,1,3
/media/ullmann/hdd/research/engines/Urho3D/include/Urho3D/GraphicsAPI/GraphicsImpl.h,3,0,3
/media/ullmann/hdd/research/engines/Urho3D/Source/ThirdParty/LuaJIT/src/host/buildvm_peobj.c,1,0,1
/media/ullmann/hdd/research/engines/Urho3D/Source/ThirdParty/SLikeNet/Source/ReplicaManager3.h,1,0,1
/media/ullmann/hdd/research/engines/Urho3D/Source/ThirdParty/Assimp/code/STLLoader.h,1,2,3
/media/ullmann/hdd/research/engines/Urho3D/Source/ThirdParty/Bullet/src/BulletDynamics/ConstraintSolver/btSequentialImpulseConstraintSolverMt.h,2,1,3
/media/ullmann/hdd/research/engines/Urho3D/Source/ThirdParty/StanHull/hull.cpp,1,0,1
/media/ullmann/hdd/research/engines/Urho3D/Source/ThirdParty/StanHull/hull.h,0,1,1
/media/ullmann/hdd/research/engines/Urho3D/Source/ThirdParty/Assimp/contrib/rapidjson/include/rapidjson/internal/pow10.h,1,1,2
/media/ullmann/hdd/research/engines/Urho3D/Source/ThirdParty/WebP/src/utils/quant_levels_utils.c,1,0,1
/media/ullmann/hdd/research/engines/Urho3D/Source/ThirdParty/Bullet/src/BulletCollision/CollisionShapes/btConvexPointCloudShape.cpp,1,0,1
/media/ullmann/hdd/research/engines/Urho3D/Source/ThirdParty/Bullet/src/BulletCollision/CollisionShapes/btConvexPointCloudShape.h,1,2,3
/media/ullmann/hdd/research/engines/Urho3D/Source/ThirdParty/Assimp/code/glTFAssetWriter.inl,0,1,1
/media/ullmann/hdd/research/engines/Urho3D/script/build/include/Urho3D/UI/ScrollView.h,1,2,3
/media/ullmann/hdd/research/engines/Urho3D/Source/ThirdParty/SLikeNet/Source/src/_FindFirst.cpp,6,0,6
/media/ullmann/hdd/research/engines/Urho3D/Source/ThirdParty/Bullet/src/BulletCollision/CollisionShapes/btConeShape.h,1,3,4
/media/ullmann/hdd/research/engines/Urho3D/Source/Urho3D/Audio/SoundListener.h,1,4,5
/media/ullmann/hdd/research/engines/Urho3D/script/build/include/Urho3D/UI/FontFaceBitmap.h,1,1,2
/media/ullmann/hdd/research/engines/Urho3D/Source/ThirdParty/Assimp/code/CreateAnimMesh.h,0,2,2
/media/ullmann/hdd/research/engines/Urho3D/Source/ThirdParty/SDL/src/video/SDL_blit_0.c,2,0,2
/media/ullmann/hdd/research/engines/Urho3D/Source/ThirdParty/Assimp/code/X3DImporter_Shape.cpp,2,0,2
/media/ullmann/hdd/research/engines/Urho3D/Source/ThirdParty/WebP/src/dsp/upsampling_mips_dsp_r2.c,2,0,2
/media/ullmann/hdd/research/engines/Urho3D/include/Urho3D/ThirdParty/ik/backtrace.h,1,2,3
/media/ullmann/hdd/research/engines/Urho3D/Source/ThirdParty/SDL/src/haptic/dummy/SDL_syshaptic.c,2,0,2
/media/ullmann/hdd/research/engines/Urho3D/Source/ThirdParty/SDL/src/SDL_hints.c,1,0,1
/media/ullmann/hdd/research/engines/Urho3D/include/Urho3D/ThirdParty/rapidjson/memorystream.h,1,2,3
/media/ullmann/hdd/research/engines/Urho3D/Source/Urho3D/librevision.h,0,1,1
/media/ullmann/hdd/research/engines/Urho3D/Source/ThirdParty/FreeType/src/truetype/ttgxvar.c,3,1,4
/media/ullmann/hdd/research/engines/Urho3D/Source/ThirdParty/SDL/src/sensor/SDL_sensor_c.h,0,3,3
/media/ullmann/hdd/research/engines/Urho3D/Source/ThirdParty/WebP/src/dsp/yuv.c,1,0,1
/media/ullmann/hdd/research/engines/Urho3D/Source/ThirdParty/Assimp/include/assimp/material.inl,0,1,1
/media/ullmann/hdd/research/engines/Urho3D/Source/ThirdParty/SLikeNet/Source/slikenet/DirectoryDeltaTransfer.h,1,0,1
/media/ullmann/hdd/research/engines/Urho3D/Source/ThirdParty/SLikeNet/Source/src/GetTime.cpp,3,0,3
/media/ullmann/hdd/research/engines/Urho3D/Source/ThirdParty/Bullet/src/BulletDynamics/Character/btKinematicCharacterController.h,1,1,2
/media/ullmann/hdd/research/engines/Urho3D/Source/ThirdParty/Bullet/src/BulletDynamics/Character/btCharacterControllerInterface.h,0,1,1
/media/ullmann/hdd/research/engines/Urho3D/include/Urho3D/ThirdParty/slikenet/VitaIncludes.h,0,1,1
/media/ullmann/hdd/research/engines/Urho3D/Source/ThirdParty/Assimp/code/StandardShapes.cpp,2,0,2
/media/ullmann/hdd/research/engines/Urho3D/Source/ThirdParty/FreeType/src/winfonts/fnterrs.h,0,1,1
/media/ullmann/hdd/research/engines/Urho3D/Source/ThirdParty/SLikeNet/Source/SimpleTCPServer.h,1,0,1
/media/ullmann/hdd/research/engines/Urho3D/Source/ThirdParty/SDL/src/libm/s_fabs.c,2,0,2
/media/ullmann/hdd/research/engines/Urho3D/Source/ThirdParty/SDL/src/thread/psp/SDL_systhread_c.h,0,2,2
/media/ullmann/hdd/research/engines/Urho3D/Source/Urho3D/Math/Vector2.cpp,3,0,3
/media/ullmann/hdd/research/engines/Urho3D/script/build/include/Urho3D/Database/Database.h,2,1,3
/media/ullmann/hdd/research/engines/Urho3D/Source/ThirdParty/SDL/src/libm/k_rem_pio2.c,2,0,2
/media/ullmann/hdd/research/engines/Urho3D/include/Urho3D/IK/IKEffector.h,2,1,3
/media/ullmann/hdd/research/engines/Urho3D/Source/ThirdParty/SLikeNet/Source/slikenet/ConsoleServer.h,1,0,1
/media/ullmann/hdd/research/engines/Urho3D/Source/ThirdParty/Bullet/src/BulletCollision/NarrowPhaseCollision/btRaycastCallback.cpp,1,0,1
/media/ullmann/hdd/research/engines/Urho3D/Source/ThirdParty/Bullet/src/BulletCollision/NarrowPhaseCollision/btRaycastCallback.h,0,1,1
/media/ullmann/hdd/research/engines/Urho3D/include/Urho3D/Physics2D/ConstraintWeld2D.h,1,1,2
/media/ullmann/hdd/research/engines/Urho3D/Source/ThirdParty/FreeType/src/base/md5.h,0,1,1
/media/ullmann/hdd/research/engines/Urho3D/Source/ThirdParty/SDL/src/filesystem/dummy/SDL_sysfilesystem.c,1,0,1
/media/ullmann/hdd/research/engines/Urho3D/Source/ThirdParty/Bullet/src/LinearMath/btImplicitQRSVD.h,1,0,1
/media/ullmann/hdd/research/engines/Urho3D/Source/ThirdParty/SLikeNet/Source/slikenet/EmailSender.h,1,0,1
/media/ullmann/hdd/research/engines/Urho3D/Source/ThirdParty/SLikeNet/Source/RakNetTransport2.h,1,0,1
/media/ullmann/hdd/research/engines/Urho3D/Source/ThirdParty/Bullet/src/BulletCollision/NarrowPhaseCollision/btSubSimplexConvexCast.h,2,1,3
/media/ullmann/hdd/research/engines/Urho3D/Source/ThirdParty/SLikeNet/Source/Export.h,1,0,1
/media/ullmann/hdd/research/engines/Urho3D/Source/ThirdParty/Bullet/src/BulletCollision/CollisionShapes/btScaledBvhTriangleMeshShape.cpp,1,0,1
/media/ullmann/hdd/research/engines/Urho3D/Source/ThirdParty/Bullet/src/BulletCollision/Gimpact/btContactProcessing.h,2,2,4
/media/ullmann/hdd/research/engines/Urho3D/include/Urho3D/Database/DbConnection.h,2,2,4
/media/ullmann/hdd/research/engines/Urho3D/Source/ThirdParty/SLikeNet/Source/slikenet/AutopatcherPatchContext.h,1,0,1
/media/ullmann/hdd/research/engines/Urho3D/Source/ThirdParty/Assimp/code/STLLoader.cpp,3,0,3
/media/ullmann/hdd/research/engines/Urho3D/Source/ThirdParty/SDL/src/power/haiku/SDL_syspower.c,1,0,1
/media/ullmann/hdd/research/engines/Urho3D/Source/ThirdParty/SLikeNet/Source/slikenet/DS_Map.h,1,0,1
/media/ullmann/hdd/research/engines/Urho3D/Source/ThirdParty/SDL/src/video/haiku/SDL_bclipboard.h,1,1,2
/media/ullmann/hdd/research/engines/Urho3D/Source/Urho3D/Core/Condition.h,1,2,3
/media/ullmann/hdd/research/engines/Urho3D/Source/ThirdParty/WebP/src/enc/cost_enc.c,1,0,1
/media/ullmann/hdd/research/engines/Urho3D/Source/ThirdParty/SDL/src/core/windows/SDL_windows.c,2,0,2
/media/ullmann/hdd/research/engines/Urho3D/Source/ThirdParty/AngelScript/source/as_outputbuffer.cpp,3,0,3
/media/ullmann/hdd/research/engines/Urho3D/Source/ThirdParty/SDL/src/filesystem/android/SDL_sysfilesystem.c,1,0,1
/media/ullmann/hdd/research/engines/Urho3D/script/build/include/Urho3D/Scene/SceneEvents.h,1,0,1
/media/ullmann/hdd/research/engines/Urho3D/Source/Samples/54_WindowSettingsDemo/WindowSettingsDemo.cpp,1,0,1
/media/ullmann/hdd/research/engines/Urho3D/Source/Samples/54_WindowSettingsDemo/WindowSettingsDemo.h,1,1,2
/media/ullmann/hdd/research/engines/Urho3D/Source/ThirdParty/rapidjson/include/rapidjson/error/en.h,1,1,2
/media/ullmann/hdd/research/engines/Urho3D/include/Urho3D/LuaScript/LuaFile.h,2,0,2
/media/ullmann/hdd/research/engines/Urho3D/Source/ThirdParty/WebP/src/dec/vp8_dec.h,1,2,3
/media/ullmann/hdd/research/engines/Urho3D/Source/ThirdParty/FreeType/src/cid/cidobjs.h,0,1,1
/media/ullmann/hdd/research/engines/Urho3D/Source/ThirdParty/Assimp/contrib/zlib/inftrees.c,2,0,2
/media/ullmann/hdd/research/engines/Urho3D/Source/ThirdParty/FreeType/src/otvalid/otvgdef.c,2,1,3
/media/ullmann/hdd/research/engines/Urho3D/Source/ThirdParty/FreeType/src/base/ftpic.c,1,1,2
/media/ullmann/hdd/research/engines/Urho3D/Source/ThirdParty/SLikeNet/Source/slikenet/SuperFastHash.h,1,0,1
/media/ullmann/hdd/research/engines/Urho3D/Source/ThirdParty/SLikeNet/Source/include/slikenet/SuperFastHash.h,1,2,3
/media/ullmann/hdd/research/engines/Urho3D/Source/ThirdParty/SLikeNet/Source/slikenet/GetTime.h,1,0,1
/media/ullmann/hdd/research/engines/Urho3D/Source/ThirdParty/FreeType/src/base/ftstroke.c,1,0,1
/media/ullmann/hdd/research/engines/Urho3D/Source/Urho3D/Container/HashBase.cpp,2,0,2
/media/ullmann/hdd/research/engines/Urho3D/Source/ThirdParty/Assimp/code/assbin_chunks.h,0,2,2
/media/ullmann/hdd/research/engines/Urho3D/Source/ThirdParty/Bullet/src/BulletCollision/Gimpact/btGImpactShape.cpp,2,0,2
/media/ullmann/hdd/research/engines/Urho3D/Source/ThirdParty/Bullet/src/BulletCollision/Gimpact/btGImpactMassUtil.h,0,1,1
/media/ullmann/hdd/research/engines/Urho3D/Source/ThirdParty/SLikeNet/Source/src/Rand.cpp,1,0,1
/media/ullmann/hdd/research/engines/Urho3D/Source/ThirdParty/SDL/src/video/cocoa/SDL_cocoaevents.h,1,1,2
/media/ullmann/hdd/research/engines/Urho3D/Source/ThirdParty/SLikeNet/Source/slikenet/NetworkIDObject.h,1,0,1
/media/ullmann/hdd/research/engines/Urho3D/Source/ThirdParty/Assimp/code/DeboneProcess.cpp,2,0,2
/media/ullmann/hdd/research/engines/Urho3D/Source/ThirdParty/Assimp/code/SGSpatialSort.cpp,1,0,1
/media/ullmann/hdd/research/engines/Urho3D/Source/ThirdParty/Assimp/code/SGSpatialSort.h,0,2,2
/media/ullmann/hdd/research/engines/Urho3D/Source/ThirdParty/SLikeNet/Source/RakMemoryOverride.h,1,0,1
/media/ullmann/hdd/research/engines/Urho3D/Source/ThirdParty/Tracy/common/TracyMutex.hpp,0,1,1
/media/ullmann/hdd/research/engines/Urho3D/Source/ThirdParty/Assimp/contrib/poly2tri/poly2tri/sweep/sweep.h,0,2,2
/media/ullmann/hdd/research/engines/Urho3D/Source/ThirdParty/Assimp/code/MDCLoader.cpp,3,0,3
/media/ullmann/hdd/research/engines/Urho3D/Source/ThirdParty/Assimp/code/MDCNormalTable.h,0,1,1
/media/ullmann/hdd/research/engines/Urho3D/Source/Urho3D/AngelScript/Manual_UI.cpp,3,0,3
/media/ullmann/hdd/research/engines/Urho3D/Source/ThirdParty/Assimp/contrib/zlib/crc32.c,2,0,2
/media/ullmann/hdd/research/engines/Urho3D/Source/ThirdParty/Bullet/src/BulletSoftBody/btSoftBodyRigidBodyCollisionConfiguration.h,0,1,1
/media/ullmann/hdd/research/engines/Urho3D/Source/ThirdParty/SLikeNet/Source/slikenet/DS_Hash.h,1,0,1
/media/ullmann/hdd/research/engines/Urho3D/Source/ThirdParty/FreeType/src/gzip/zutil.c,1,1,2
/media/ullmann/hdd/research/engines/Urho3D/include/Urho3D/ThirdParty/rapidjson/filewritestream.h,1,0,1
/media/ullmann/hdd/research/engines/Urho3D/Source/ThirdParty/SLikeNet/Source/slikenet/GridSectorizer.h,1,0,1
/media/ullmann/hdd/research/engines/Urho3D/include/Urho3D/Database/SQLite/SQLiteResult.h,1,1,2
/media/ullmann/hdd/research/engines/Urho3D/Source/ThirdParty/Bullet/src/BulletSoftBody/poly34.h,0,2,2
/media/ullmann/hdd/research/engines/Urho3D/Source/ThirdParty/SLikeNet/Source/SignaledEvent.h,1,0,1
/media/ullmann/hdd/research/engines/Urho3D/include/Urho3D/ThirdParty/slikenet/ConnectionGraph2.h,0,1,1
/media/ullmann/hdd/research/engines/Urho3D/Source/ThirdParty/SLikeNet/Source/slikenet/PS3Includes.h,1,0,1
/media/ullmann/hdd/research/engines/Urho3D/Source/ThirdParty/SLikeNet/Source/slikenet/NatTypeDetectionServer.h,1,0,1
/media/ullmann/hdd/research/engines/Urho3D/Source/ThirdParty/Assimp/contrib/Open3DGC/o3dgcTriangleListEncoder.inl,0,1,1
/media/ullmann/hdd/research/engines/Urho3D/Source/ThirdParty/DetourCrowd/Include/DetourObstacleAvoidance.h,0,1,1
/media/ullmann/hdd/research/engines/Urho3D/Source/ThirdParty/WebP/src/dsp/enc_neon.c,3,0,3
/media/ullmann/hdd/research/engines/Urho3D/include/Urho3D/ThirdParty/slikenet/ReadyEvent.h,0,1,1
/media/ullmann/hdd/research/engines/Urho3D/Source/ThirdParty/SLikeNet/Source/slikenet/EpochTimeToString.h,1,0,1
/media/ullmann/hdd/research/engines/Urho3D/script/build/include/Urho3D/ThirdParty/ik/ordered_vector.h,1,0,1
/media/ullmann/hdd/research/engines/Urho3D/Source/Samples/11_Physics/Physics.h,1,1,2
/media/ullmann/hdd/research/engines/Urho3D/Source/ThirdParty/SDL/src/timer/haiku/SDL_systimer.c,1,0,1
/media/ullmann/hdd/research/engines/Urho3D/Source/ThirdParty/SDL/src/video/windows/SDL_windowsmessagebox.c,4,0,4
/media/ullmann/hdd/research/engines/Urho3D/Source/Samples/99_Benchmark/AppState_Benchmark01.cpp,2,0,2
/media/ullmann/hdd/research/engines/Urho3D/Source/ThirdParty/Assimp/contrib/rapidjson/include/rapidjson/internal/itoa.h,1,3,4
/media/ullmann/hdd/research/engines/Urho3D/script/build/include/Urho3D/Database/SQLite/SQLiteResult.h,1,1,2
/media/ullmann/hdd/research/engines/Urho3D/Source/ThirdParty/FreeType/src/base/ftsnames.c,0,1,1
/media/ullmann/hdd/research/engines/Urho3D/Source/ThirdParty/SLikeNet/Source/RakWString.h,1,0,1
/media/ullmann/hdd/research/engines/Urho3D/Source/ThirdParty/FreeType/src/psaux/psauxmod.h,0,1,1
/media/ullmann/hdd/research/engines/Urho3D/Source/ThirdParty/SLikeNet/Source/NativeTypes.h,1,0,1
/media/ullmann/hdd/research/engines/Urho3D/include/Urho3D/Graphics/Camera.h,4,1,5
/media/ullmann/hdd/research/engines/Urho3D/Source/ThirdParty/Box2D/src/common/b2_timer.cpp,1,0,1
/media/ullmann/hdd/research/engines/Urho3D/script/build/include/Urho3D/IO/Compression.h,1,1,2
/media/ullmann/hdd/research/engines/Urho3D/Source/ThirdParty/SLikeNet/Source/slikenet/ReliabilityLayer.h,1,0,1
/media/ullmann/hdd/research/engines/Urho3D/Source/ThirdParty/LuaJIT/src/host/buildvm_fold.c,1,0,1
/media/ullmann/hdd/research/engines/Urho3D/Source/ThirdParty/ik/include/ik/log.h,1,0,1
/media/ullmann/hdd/research/engines/Urho3D/Source/Urho3D/AngelScript/Manual_Math.cpp,3,0,3
/media/ullmann/hdd/research/engines/Urho3D/Source/ThirdParty/DetourCrowd/Include/DetourProximityGrid.h,0,1,1
/media/ullmann/hdd/research/engines/Urho3D/Source/ThirdParty/SLikeNet/Source/SingleProducerConsumer.h,1,0,1
/media/ullmann/hdd/research/engines/Urho3D/Source/ThirdParty/SLikeNet/Source/ReadyEvent.h,1,0,1
/media/ullmann/hdd/research/engines/Urho3D/Source/ThirdParty/SDL/src/dynapi/SDL_dynapi.h,0,2,2
/media/ullmann/hdd/research/engines/Urho3D/Source/ThirdParty/ik/include/ik/util.h,1,0,1
/media/ullmann/hdd/research/engines/Urho3D/Source/ThirdParty/ik/include/ik/solver_jacobian_inverse.h,1,0,1
/media/ullmann/hdd/research/engines/Urho3D/include/Urho3D/AngelScript/Manual_Core.h,2,1,3
/media/ullmann/hdd/research/engines/Urho3D/script/build/include/Urho3D/Physics2D/PhysicsEvents2D.h,2,0,2
/media/ullmann/hdd/research/engines/Urho3D/Source/Urho3D/AngelScript/RegistrationMacros.h,2,3,5
/media/ullmann/hdd/research/engines/Urho3D/Source/Urho3D/AngelScript/Generated_Templates.h,0,1,1
/media/ullmann/hdd/research/engines/Urho3D/Source/ThirdParty/Bullet/src/BulletSoftBody/btSoftRigidDynamicsWorld.h,1,1,2
/media/ullmann/hdd/research/engines/Urho3D/Source/ThirdParty/SDL/src/power/psp/SDL_syspower.c,1,0,1
/media/ullmann/hdd/research/engines/Urho3D/Source/ThirdParty/SLikeNet/Source/slikenet/PacketPriority.h,1,0,1
/media/ullmann/hdd/research/engines/Urho3D/Source/ThirdParty/WebP/src/dsp/yuv_neon.c,2,0,2
/media/ullmann/hdd/research/engines/Urho3D/Source/ThirdParty/SDL/src/render/software/SDL_blendfillrect.h,1,2,3
/media/ullmann/hdd/research/engines/Urho3D/Source/ThirdParty/FreeType/src/lzw/ftzopen.h,0,2,2
/media/ullmann/hdd/research/engines/Urho3D/Source/ThirdParty/SDL/src/cpuinfo/SDL_cpuinfo.c,2,0,2
/media/ullmann/hdd/research/engines/Urho3D/Source/ThirdParty/ik/src/platform/linux/backtrace_linux.c,1,0,1
/media/ullmann/hdd/research/engines/Urho3D/Source/ThirdParty/SLikeNet/Source/slikenet/PacketizedTCP.h,1,0,1
/media/ullmann/hdd/research/engines/Urho3D/Source/ThirdParty/SLikeNet/Source/slikenet/statistics.h,1,0,1
/media/ullmann/hdd/research/engines/Urho3D/Source/ThirdParty/rapidjson/include/rapidjson/error/error.h,1,2,3
/media/ullmann/hdd/research/engines/Urho3D/Source/ThirdParty/SLikeNet/Source/src/Base64Encoder.cpp,2,0,2
/media/ullmann/hdd/research/engines/Urho3D/Source/ThirdParty/SDL/src/thread/pthread/SDL_sysmutex_c.h,1,1,2
/media/ullmann/hdd/research/engines/Urho3D/Source/ThirdParty/Assimp/code/FixNormalsStep.h,1,2,3
/media/ullmann/hdd/research/engines/Urho3D/Source/ThirdParty/Bullet/src/BulletCollision/CollisionShapes/btPolyhedralConvexShape.cpp,1,0,1
/media/ullmann/hdd/research/engines/Urho3D/Source/ThirdParty/SLikeNet/Source/slikenet/VariableDeltaSerializer.h,1,0,1
/media/ullmann/hdd/research/engines/Urho3D/Source/ThirdParty/Lua/src/lopcodes.c,1,0,1
/media/ullmann/hdd/research/engines/Urho3D/Source/ThirdParty/FreeType/src/gzip/inflate.c,2,1,3
/media/ullmann/hdd/research/engines/Urho3D/Source/ThirdParty/Lua/src/lfunc.c,6,0,6
/media/ullmann/hdd/research/engines/Urho3D/Source/ThirdParty/FreeType/src/cid/cidparse.h,0,2,2
/media/ullmann/hdd/research/engines/Urho3D/Source/ThirdParty/Assimp/include/assimp/color4.inl,0,1,1
/media/ullmann/hdd/research/engines/Urho3D/Source/ThirdParty/Assimp/contrib/rapidjson/include/rapidjson/msinttypes/stdint.h,0,2,2
/media/ullmann/hdd/research/engines/Urho3D/Source/ThirdParty/Bullet/src/LinearMath/btAlignedAllocator.cpp,1,0,1
/media/ullmann/hdd/research/engines/Urho3D/Source/Samples/23_Water/Water.cpp,1,0,1
/media/ullmann/hdd/research/engines/Urho3D/Source/ThirdParty/WebP/src/enc/iterator_enc.c,1,0,1
/media/ullmann/hdd/research/engines/Urho3D/Source/Urho3D/Urho2D/AnimatedSprite2D.h,1,3,4
/media/ullmann/hdd/research/engines/Urho3D/Source/ThirdParty/FreeType/src/raster/rastpic.h,0,3,3
/media/ullmann/hdd/research/engines/Urho3D/Source/ThirdParty/SLikeNet/Source/slikenet/PluginInterface2.h,1,0,1
/media/ullmann/hdd/research/engines/Urho3D/Source/ThirdParty/Bullet/src/LinearMath/TaskScheduler/btThreadSupportPosix.cpp,1,0,1
/media/ullmann/hdd/research/engines/Urho3D/Source/ThirdParty/Bullet/src/LinearMath/TaskScheduler/btThreadSupportInterface.h,0,3,3
/media/ullmann/hdd/research/engines/Urho3D/include/Urho3D/ThirdParty/slikenet/FileList.h,0,4,4
/media/ullmann/hdd/research/engines/Urho3D/script/build/include/Urho3D/IK/IKEffector.h,2,1,3
/media/ullmann/hdd/research/engines/Urho3D/Source/ThirdParty/SDL/src/core/linux/SDL_evdev_kbd.h,0,2,2
/media/ullmann/hdd/research/engines/Urho3D/Source/ThirdParty/Assimp/contrib/rapidjson/include/rapidjson/encodings.h,1,1,2
/media/ullmann/hdd/research/engines/Urho3D/Source/ThirdParty/Bullet/src/BulletDynamics/MLCPSolvers/btDantzigLCP.h,0,2,2
/media/ullmann/hdd/research/engines/Urho3D/Source/ThirdParty/FreeType/src/type42/t42types.h,0,1,1
/media/ullmann/hdd/research/engines/Urho3D/Source/ThirdParty/SLikeNet/Source/NetworkIDManager.h,1,0,1
/media/ullmann/hdd/research/engines/Urho3D/script/build/include/Urho3D/Engine/Engine.h,2,2,4
/media/ullmann/hdd/research/engines/Urho3D/Source/ThirdParty/SLikeNet/Source/slikenet/assert.h,1,0,1
/media/ullmann/hdd/research/engines/Urho3D/Source/ThirdParty/SLikeNet/Source/SocketIncludes.h,1,0,1
/media/ullmann/hdd/research/engines/Urho3D/Source/ThirdParty/SDL/src/video/x11/imKStoUCS.h,0,2,2
/media/ullmann/hdd/research/engines/Urho3D/Source/ThirdParty/SLikeNet/Source/TeamBalancer.h,1,0,1
/media/ullmann/hdd/research/engines/Urho3D/Source/ThirdParty/SDL/src/audio/SDL_wave.h,1,1,2
/media/ullmann/hdd/research/engines/Urho3D/Source/ThirdParty/FreeType/src/base/ftrfork.c,2,1,3
/media/ullmann/hdd/research/engines/Urho3D/Source/ThirdParty/SLikeNet/Source/slikenet/WSAStartupSingleton.h,1,0,1
/media/ullmann/hdd/research/engines/Urho3D/Source/ThirdParty/SLikeNet/Source/include/slikenet/WSAStartupSingleton.h,0,2,2
/media/ullmann/hdd/research/engines/Urho3D/Source/ThirdParty/Box2D/src/dynamics/b2_edge_polygon_contact.h,1,2,3
/media/ullmann/hdd/research/engines/Urho3D/Source/ThirdParty/SLikeNet/Source/DS_List.h,1,0,1
/media/ullmann/hdd/research/engines/Urho3D/Source/ThirdParty/SLikeNet/Source/src/DS_ByteQueue.cpp,1,0,1
/media/ullmann/hdd/research/engines/Urho3D/include/Urho3D/ThirdParty/slikenet/DS_ByteQueue.h,0,1,1
/media/ullmann/hdd/research/engines/Urho3D/include/Urho3D/ThirdParty/slikenet/StatisticsHistory.h,0,1,1
/media/ullmann/hdd/research/engines/Urho3D/Source/Samples/09_MultipleViewports/MultipleViewports.cpp,1,0,1
/media/ullmann/hdd/research/engines/Urho3D/Source/Samples/13_Ragdolls/Ragdolls.cpp,2,0,2
/media/ullmann/hdd/research/engines/Urho3D/Source/Samples/13_Ragdolls/Ragdolls.h,1,1,2
/media/ullmann/hdd/research/engines/Urho3D/Source/ThirdParty/Bullet/src/BulletCollision/BroadphaseCollision/btQuantizedBvh.cpp,1,0,1
/media/ullmann/hdd/research/engines/Urho3D/Source/ThirdParty/Bullet/src/BulletCollision/BroadphaseCollision/btQuantizedBvh.h,0,1,1
/media/ullmann/hdd/research/engines/Urho3D/Source/ThirdParty/WebP/src/dsp/rescaler_mips_dsp_r2.c,2,0,2
/media/ullmann/hdd/research/engines/Urho3D/Source/Samples/27_Physics2D/Urho2DPhysics.cpp,1,0,1
/media/ullmann/hdd/research/engines/Urho3D/Source/Samples/27_Physics2D/Urho2DPhysics.h,1,1,2
/media/ullmann/hdd/research/engines/Urho3D/Source/ThirdParty/Bullet/src/BulletCollision/CollisionShapes/btTriangleBuffer.cpp,1,0,1
/media/ullmann/hdd/research/engines/Urho3D/Source/ThirdParty/Bullet/src/BulletDynamics/ConstraintSolver/btContactSolverInfo.h,0,1,1
/media/ullmann/hdd/research/engines/Urho3D/Source/ThirdParty/rapidjson/include/rapidjson/encodedstream.h,2,2,4
/media/ullmann/hdd/research/engines/Urho3D/Source/Samples/40_Localization/L10n.h,1,1,2
/media/ullmann/hdd/research/engines/Urho3D/Source/ThirdParty/Bullet/src/LinearMath/btThreads.cpp,2,0,2
/media/ullmann/hdd/research/engines/Urho3D/Source/Samples/Utilities2D/Mover.cpp,1,0,1
/media/ullmann/hdd/research/engines/Urho3D/Source/ThirdParty/Assimp/contrib/zlib/crc32.h,0,1,1
/media/ullmann/hdd/research/engines/Urho3D/Source/ThirdParty/Assimp/include/assimp/matrix4x4.inl,0,1,1
/media/ullmann/hdd/research/engines/Urho3D/script/build/include/Urho3D/Graphics/TerrainPatch.h,1,1,2
/media/ullmann/hdd/research/engines/Urho3D/Source/ThirdParty/Assimp/include/assimp/Exporter.hpp,1,0,1
/media/ullmann/hdd/research/engines/Urho3D/Source/ThirdParty/Assimp/include/assimp/cexport.h,0,1,1
/media/ullmann/hdd/research/engines/Urho3D/Source/ThirdParty/WebP/src/dsp/lossless_msa.c,3,0,3
/media/ullmann/hdd/research/engines/Urho3D/Source/Samples/06_SkeletalAnimation/SkeletalAnimation.cpp,2,0,2
/media/ullmann/hdd/research/engines/Urho3D/Source/Urho3D/Math/Frustum.cpp,3,0,3
/media/ullmann/hdd/research/engines/Urho3D/Source/ThirdParty/SDL/src/sensor/dummy/SDL_dummysensor.c,2,0,2
/media/ullmann/hdd/research/engines/Urho3D/Source/ThirdParty/SDL/src/sensor/dummy/SDL_dummysensor.h,0,1,1
/media/ullmann/hdd/research/engines/Urho3D/Source/Urho3D/Container/Swap.cpp,2,0,2
/media/ullmann/hdd/research/engines/Urho3D/Source/ThirdParty/FreeType/src/gxvalid/gxvkern.c,2,1,3
/media/ullmann/hdd/research/engines/Urho3D/Source/ThirdParty/SLikeNet/Source/slikenet/types.h,1,0,1
/media/ullmann/hdd/research/engines/Urho3D/Source/Samples/51_Urho2DStretchableSprite/Urho2DStretchableSprite.h,1,1,2
/media/ullmann/hdd/research/engines/Urho3D/Source/ThirdParty/PugiXml/src/pugixml.cpp,1,0,1
/media/ullmann/hdd/research/engines/Urho3D/Source/ThirdParty/SLikeNet/Source/slikenet/NativeTypes.h,1,0,1
/media/ullmann/hdd/research/engines/Urho3D/Source/ThirdParty/Assimp/code/IFCProfile.cpp,1,0,1
/media/ullmann/hdd/research/engines/Urho3D/Source/ThirdParty/SLikeNet/Source/slikenet/TransportInterface.h,1,0,1
/media/ullmann/hdd/research/engines/Urho3D/Source/ThirdParty/Box2D/src/collision/b2_polygon_shape.cpp,2,0,2
/media/ullmann/hdd/research/engines/Urho3D/Source/ThirdParty/SLikeNet/Source/src/VitaIncludes.cpp,1,0,1
/media/ullmann/hdd/research/engines/Urho3D/Source/ThirdParty/SDL/src/video/uikit/SDL_uikitopengles.h,1,0,1
/media/ullmann/hdd/research/engines/Urho3D/script/build/include/Urho3D/Urho2D/TmxFile2D.h,2,1,3
/media/ullmann/hdd/research/engines/Urho3D/Source/ThirdParty/SDL/src/video/directfb/SDL_DirectFB_modes.c,3,0,3
/media/ullmann/hdd/research/engines/Urho3D/Source/ThirdParty/SDL/src/core/unix/SDL_poll.c,2,0,2
/media/ullmann/hdd/research/engines/Urho3D/Source/ThirdParty/Bullet/src/BulletCollision/Gimpact/btContactProcessing.cpp,1,0,1
/media/ullmann/hdd/research/engines/Urho3D/Source/ThirdParty/Assimp/code/glTF2Exporter.h,0,1,1
/media/ullmann/hdd/research/engines/Urho3D/script/build/include/Urho3D/Network/NetworkEvents.h,1,0,1
/media/ullmann/hdd/research/engines/Urho3D/include/Urho3D/Graphics/ParticleEmitter.h,1,1,2
/media/ullmann/hdd/research/engines/Urho3D/Source/ThirdParty/SDL/src/video/SDL_rect_c.h,1,2,3
/media/ullmann/hdd/research/engines/Urho3D/Source/ThirdParty/Box2D/src/common/b2_draw.cpp,1,0,1
/media/ullmann/hdd/research/engines/Urho3D/script/build/include/Urho3D/IO/MemoryBuffer.h,1,1,2
/media/ullmann/hdd/research/engines/Urho3D/Source/ThirdParty/Bullet/src/BulletCollision/NarrowPhaseCollision/btMinkowskiPenetrationDepthSolver.cpp,1,0,1
/media/ullmann/hdd/research/engines/Urho3D/Source/ThirdParty/Assimp/contrib/irrXML/irrXML.h,0,2,2
/media/ullmann/hdd/research/engines/Urho3D/Source/ThirdParty/Assimp/contrib/zlib/trees.c,2,0,2
/media/ullmann/hdd/research/engines/Urho3D/include/Urho3D/ThirdParty/slikenet/TeamManager.h,0,1,1
/media/ullmann/hdd/research/engines/Urho3D/script/build/include/Urho3D/Input/Controls.h,1,2,3
/media/ullmann/hdd/research/engines/Urho3D/Source/ThirdParty/SLikeNet/Source/SendToThread.h,1,0,1
/media/ullmann/hdd/research/engines/Urho3D/include/Urho3D/Physics2D/Physics2D.h,0,1,1
/media/ullmann/hdd/research/engines/Urho3D/Source/ThirdParty/rapidjson/include/rapidjson/ostreamwrapper.h,1,0,1
/media/ullmann/hdd/research/engines/Urho3D/script/build/include/Urho3D/AngelScript/wrap.h,0,1,1
/media/ullmann/hdd/research/engines/Urho3D/Source/Tools/OgreImporter/OgreImporter.cpp,1,0,1
/media/ullmann/hdd/research/engines/Urho3D/Source/Tools/OgreImporter/OgreImporterUtils.h,0,1,1
/media/ullmann/hdd/research/engines/Urho3D/include/Urho3D/ThirdParty/slikenet/TelnetTransport.h,0,1,1
/media/ullmann/hdd/research/engines/Urho3D/script/build/include/Urho3D/ThirdParty/ik/memory.h,1,0,1
/media/ullmann/hdd/research/engines/Urho3D/include/Urho3D/Physics2D/ConstraintRevolute2D.h,1,1,2
/media/ullmann/hdd/research/engines/Urho3D/Source/ThirdParty/Assimp/include/assimp/IOStream.hpp,1,1,2
/media/ullmann/hdd/research/engines/Urho3D/Source/ThirdParty/Assimp/code/AMFImporter_Postprocess.cpp,3,0,3
/media/ullmann/hdd/research/engines/Urho3D/Source/Samples/04_StaticScene/StaticScene.cpp,1,0,1
/media/ullmann/hdd/research/engines/Urho3D/Source/Samples/49_Urho2DIsometricDemo/Character2D.h,0,2,2
/media/ullmann/hdd/research/engines/Urho3D/Source/Samples/11_Physics/Physics.cpp,1,0,1
/media/ullmann/hdd/research/engines/Urho3D/Source/ThirdParty/SLikeNet/Source/NatPunchthroughServer.h,1,0,1
/media/ullmann/hdd/research/engines/Urho3D/Source/ThirdParty/SDL/src/video/SDL_fillrect.c,2,0,2
/media/ullmann/hdd/research/engines/Urho3D/Source/ThirdParty/SDL/src/render/software/SDL_drawline.h,1,2,3
/media/ullmann/hdd/research/engines/Urho3D/Source/Urho3D/IK/IKConverters.cpp,1,0,1
/media/ullmann/hdd/research/engines/Urho3D/Source/ThirdParty/SLikeNet/Source/slikenet/ThreadPool.h,1,0,1
/media/ullmann/hdd/research/engines/Urho3D/Source/ThirdParty/SDL/src/libm/s_copysign.c,2,0,2
/media/ullmann/hdd/research/engines/Urho3D/Source/ThirdParty/SDL/src/sensor/android/SDL_androidsensor.h,0,1,1
/media/ullmann/hdd/research/engines/Urho3D/script/build/include/Urho3D/ThirdParty/rapidjson/msinttypes/inttypes.h,1,1,2
/media/ullmann/hdd/research/engines/Urho3D/Source/ThirdParty/SLikeNet/Source/DS_Queue.h,1,0,1
/media/ullmann/hdd/research/engines/Urho3D/Source/ThirdParty/SDL/src/core/android/keyinfotable.h,0,1,1
/media/ullmann/hdd/research/engines/Urho3D/include/Urho3D/GraphicsAPI/Direct3D9/D3D9GraphicsImpl.h,3,1,4
/media/ullmann/hdd/research/engines/Urho3D/Source/ThirdParty/WebP/src/enc/predictor_enc.c,3,0,3
/media/ullmann/hdd/research/engines/Urho3D/Source/ThirdParty/WebP/src/utils/bit_reader_utils.c,2,0,2
/media/ullmann/hdd/research/engines/Urho3D/Source/ThirdParty/Bullet/src/BulletSoftBody/btSoftBody.cpp,2,0,2
/media/ullmann/hdd/research/engines/Urho3D/Source/ThirdParty/Bullet/src/BulletSoftBody/btSoftBodyData.h,0,1,1
/media/ullmann/hdd/research/engines/Urho3D/Source/Samples/37_UIDrag/UIDrag.cpp,1,0,1
/media/ullmann/hdd/research/engines/Urho3D/Source/Samples/37_UIDrag/UIDrag.h,1,1,2
/media/ullmann/hdd/research/engines/Urho3D/Source/ThirdParty/WebP/src/mux/muxinternal.c,2,0,2
/media/ullmann/hdd/research/engines/Urho3D/Source/Samples/99_Benchmark/AppState_Base.cpp,1,0,1
/media/ullmann/hdd/research/engines/Urho3D/Source/ThirdParty/SDL/src/video/haiku/SDL_bmodes.h,1,3,4
/media/ullmann/hdd/research/engines/Urho3D/Source/Samples/14_SoundEffects/SoundEffects.cpp,1,0,1
/media/ullmann/hdd/research/engines/Urho3D/Source/ThirdParty/SDL/src/video/cocoa/SDL_cocoaopengles.h,3,0,3
/media/ullmann/hdd/research/engines/Urho3D/Source/ThirdParty/Bullet/src/BulletCollision/CollisionShapes/btMinkowskiSumShape.cpp,1,0,1
/media/ullmann/hdd/research/engines/Urho3D/Source/ThirdParty/Bullet/src/BulletCollision/CollisionDispatch/btDefaultCollisionConfiguration.cpp,1,0,1
/media/ullmann/hdd/research/engines/Urho3D/Source/ThirdParty/SDL/src/power/winrt/SDL_syspower.cpp,1,0,1
/media/ullmann/hdd/research/engines/Urho3D/Source/ThirdParty/Bullet/src/BulletCollision/CollisionShapes/btStridingMeshInterface.cpp,1,0,1
/media/ullmann/hdd/research/engines/Urho3D/Source/ThirdParty/SLikeNet/Source/TCPInterface.h,1,0,1
/media/ullmann/hdd/research/engines/Urho3D/Source/ThirdParty/Assimp/contrib/zlib/gzread.c,1,0,1
/media/ullmann/hdd/research/engines/Urho3D/script/build/include/Urho3D/AngelScript/Manual_Container.h,0,1,1
/media/ullmann/hdd/research/engines/Urho3D/Source/ThirdParty/SLikeNet/Source/slikenet/Gets.h,1,0,1
/media/ullmann/hdd/research/engines/Urho3D/Source/ThirdParty/SLikeNet/Source/Kbhit.h,1,0,1
/media/ullmann/hdd/research/engines/Urho3D/Source/ThirdParty/FreeType/src/autofit/afranges.c,1,1,2
/media/ullmann/hdd/research/engines/Urho3D/Source/ThirdParty/Box2D/include/box2d/b2_friction_joint.h,2,1,3
/media/ullmann/hdd/research/engines/Urho3D/script/build/include/Urho3D/Urho3D.h,0,1,1
/media/ullmann/hdd/research/engines/Urho3D/Source/ThirdParty/SLikeNet/Source/SocketDefines.h,1,0,1
/media/ullmann/hdd/research/engines/Urho3D/Source/ThirdParty/SLikeNet/Source/include/slikenet/SocketDefines.h,0,3,3
/media/ullmann/hdd/research/engines/Urho3D/Source/Urho3D/Physics2D/ConstraintDistance2D.h,1,3,4
/media/ullmann/hdd/research/engines/Urho3D/include/Urho3D/ThirdParty/slikenet/Router2.h,0,1,1
/media/ullmann/hdd/research/engines/Urho3D/Source/ThirdParty/WebP/src/dsp/lossless_neon.c,3,0,3
/media/ullmann/hdd/research/engines/Urho3D/Source/ThirdParty/SDL/src/power/emscripten/SDL_syspower.c,1,0,1
/media/ullmann/hdd/research/engines/Urho3D/Source/ThirdParty/SDL/src/power/uikit/SDL_syspower.h,1,0,1
/media/ullmann/hdd/research/engines/Urho3D/Source/ThirdParty/SLikeNet/Source/slikenet/FileListTransfer.h,1,0,1
/media/ullmann/hdd/research/engines/Urho3D/Source/ThirdParty/Bullet/src/BulletCollision/CollisionDispatch/btManifoldResult.cpp,1,0,1
/media/ullmann/hdd/research/engines/Urho3D/Source/ThirdParty/Bullet/src/BulletCollision/CollisionDispatch/btManifoldResult.h,0,2,2
/media/ullmann/hdd/research/engines/Urho3D/Source/ThirdParty/SDL/src/video/SDL_rect.c,2,0,2
/media/ullmann/hdd/research/engines/Urho3D/include/Urho3D/Urho2D/ParticleEmitter2D.h,1,1,2
/media/ullmann/hdd/research/engines/Urho3D/Source/ThirdParty/Assimp/code/ColladaHelper.h,0,1,1
/media/ullmann/hdd/research/engines/Urho3D/Source/ThirdParty/SLikeNet/Source/src/CheckSum.cpp,1,0,1
/media/ullmann/hdd/research/engines/Urho3D/include/Urho3D/ThirdParty/slikenet/CheckSum.h,0,1,1
/media/ullmann/hdd/research/engines/Urho3D/Source/Samples/44_RibbonTrailDemo/RibbonTrailDemo.cpp,1,0,1
/media/ullmann/hdd/research/engines/Urho3D/Source/ThirdParty/LuaJIT/src/lj_emit_x86.h,0,1,1
/media/ullmann/hdd/research/engines/Urho3D/Source/ThirdParty/WebP/src/dsp/enc_avx2.c,1,0,1
/media/ullmann/hdd/research/engines/Urho3D/Source/ThirdParty/FreeType/src/bdf/bdflib.c,2,1,3
/media/ullmann/hdd/research/engines/Urho3D/include/Urho3D/IO/RWOpsWrapper.h,1,0,1
/media/ullmann/hdd/research/engines/Urho3D/include/Urho3D/Container/Hash.h,0,3,3
/media/ullmann/hdd/research/engines/Urho3D/Source/ThirdParty/SDL/src/video/pandora/SDL_pandora_events.c,2,0,2
/media/ullmann/hdd/research/engines/Urho3D/Source/ThirdParty/Bullet/src/BulletCollision/CollisionDispatch/btConvexPlaneCollisionAlgorithm.cpp,1,0,1
/media/ullmann/hdd/research/engines/Urho3D/Source/ThirdParty/AngelScript/source/as_variablescope.cpp,2,0,2
/media/ullmann/hdd/research/engines/Urho3D/Source/ThirdParty/WebP/src/dsp/alpha_processing_sse41.c,1,0,1
/media/ullmann/hdd/research/engines/Urho3D/Source/Urho3D/Engine/EngineDefs.h,0,2,2
/media/ullmann/hdd/research/engines/Urho3D/Source/ThirdParty/Assimp/code/FileLogStream.h,0,1,1
/media/ullmann/hdd/research/engines/Urho3D/Source/ThirdParty/Assimp/code/BlobIOSystem.h,0,1,1
/media/ullmann/hdd/research/engines/Urho3D/Source/Samples/29_SoundSynthesis/SoundSynthesis.cpp,1,0,1
/media/ullmann/hdd/research/engines/Urho3D/Source/Samples/30_LightAnimation/LightAnimation.cpp,1,0,1
/media/ullmann/hdd/research/engines/Urho3D/Source/ThirdParty/SLikeNet/Source/BitStream.h,1,0,1
/media/ullmann/hdd/research/engines/Urho3D/Source/ThirdParty/SLikeNet/Source/slikenet/linux_adapter.h,1,0,1
/media/ullmann/hdd/research/engines/Urho3D/Source/ThirdParty/SLikeNet/Source/include/slikenet/linux_adapter.h,0,1,1
/media/ullmann/hdd/research/engines/Urho3D/Source/ThirdParty/SLikeNet/Source/slikenet/VitaIncludes.h,1,0,1
/media/ullmann/hdd/research/engines/Urho3D/Source/ThirdParty/Bullet/src/LinearMath/btReducedVector.cpp,1,0,1
/media/ullmann/hdd/research/engines/Urho3D/Source/ThirdParty/SLikeNet/Source/slikenet/DynDNS.h,1,0,1
/media/ullmann/hdd/research/engines/Urho3D/Source/ThirdParty/LuaJIT/src/host/buildvm.c,1,0,1
/media/ullmann/hdd/research/engines/Urho3D/Source/ThirdParty/Bullet/src/BulletCollision/CollisionDispatch/btEmptyCollisionAlgorithm.cpp,1,0,1
/media/ullmann/hdd/research/engines/Urho3D/Source/ThirdParty/SLikeNet/Source/SecureHandshake.h,1,0,1
/media/ullmann/hdd/research/engines/Urho3D/Source/ThirdParty/SDL/include/SDL_egl.h,0,1,1
/media/ullmann/hdd/research/engines/Urho3D/Source/ThirdParty/SLikeNet/Source/DS_Tree.h,1,0,1
/media/ullmann/hdd/research/engines/Urho3D/Source/Samples/42_PBRMaterials/PBRMaterials.cpp,1,0,1
/media/ullmann/hdd/research/engines/Urho3D/Source/ThirdParty/SDL/src/power/windows/SDL_syspower.c,2,0,2
/media/ullmann/hdd/research/engines/Urho3D/include/Urho3D/Scene/UnknownComponent.h,1,1,2
/media/ullmann/hdd/research/engines/Urho3D/Source/ThirdParty/LuaJIT/src/lj_profile.h,1,2,3
/media/ullmann/hdd/research/engines/Urho3D/Source/ThirdParty/SLikeNet/Source/src/RakSleep.cpp,2,0,2
/media/ullmann/hdd/research/engines/Urho3D/include/Urho3D/Physics2D/CollisionChain2D.h,1,2,3
/media/ullmann/hdd/research/engines/Urho3D/script/build/include/Urho3D/ThirdParty/SDL/SDL_opengl_glext.h,0,1,1
/media/ullmann/hdd/research/engines/Urho3D/Source/ThirdParty/SLikeNet/Source/slikenet/defines.h,1,0,1
/media/ullmann/hdd/research/engines/Urho3D/Source/ThirdParty/SDL/src/audio/fusionsound/SDL_fsaudio.c,3,0,3
/media/ullmann/hdd/research/engines/Urho3D/Source/ThirdParty/SDL/src/video/cocoa/SDL_cocoavulkan.h,3,0,3
/media/ullmann/hdd/research/engines/Urho3D/include/Urho3D/ThirdParty/slikenet/smartptr.h,0,2,2
/media/ullmann/hdd/research/engines/Urho3D/Source/ThirdParty/SLikeNet/Source/slikenet/DS_BinarySearchTree.h,1,0,1
/media/ullmann/hdd/research/engines/Urho3D/Source/Tools/BindingGenerator/XmlAnalyzer.cpp,3,0,3
/media/ullmann/hdd/research/engines/Urho3D/Source/ThirdParty/Assimp/contrib/unzip/ioapi.c,1,0,1
/media/ullmann/hdd/research/engines/Urho3D/Source/ThirdParty/SDL/src/audio/winmm/SDL_winmm.c,4,0,4
/media/ullmann/hdd/research/engines/Urho3D/include/Urho3D/Graphics/GraphicsEvents.h,1,0,1
/media/ullmann/hdd/research/engines/Urho3D/Source/ThirdParty/FreeType/src/cff/cffdrivr.h,0,1,1
/media/ullmann/hdd/research/engines/Urho3D/Source/ThirdParty/Assimp/code/FindInstancesProcess.cpp,1,0,1
/media/ullmann/hdd/research/engines/Urho3D/include/Urho3D/AngelScript/wrap.h,0,1,1
/media/ullmann/hdd/research/engines/Urho3D/Source/ThirdParty/Bullet/src/BulletCollision/NarrowPhaseCollision/btGjkConvexCast.h,2,1,3
/media/ullmann/hdd/research/engines/Urho3D/Source/ThirdParty/SDL/src/video/yuv2rgb/yuv_rgb_std_func.h,0,1,1
/media/ullmann/hdd/research/engines/Urho3D/Source/Urho3D/Graphics/Tangent.cpp,3,0,3
/media/ullmann/hdd/research/engines/Urho3D/Source/ThirdParty/Assimp/include/assimp/quaternion.inl,0,1,1
/media/ullmann/hdd/research/engines/Urho3D/include/Urho3D/ThirdParty/slikenet/time.h,0,1,1
/media/ullmann/hdd/research/engines/Urho3D/Source/ThirdParty/Box2D/include/box2d/b2_common.h,1,1,2
/media/ullmann/hdd/research/engines/Urho3D/Source/ThirdParty/SDL/src/joystick/steam/SDL_steamcontroller.h,1,2,3
/media/ullmann/hdd/research/engines/Urho3D/Source/ThirdParty/SDL/src/video/nacl/SDL_naclwindow.c,6,0,6
/media/ullmann/hdd/research/engines/Urho3D/Source/ThirdParty/SDL/src/video/uikit/SDL_uikitmodes.h,2,0,2
/media/ullmann/hdd/research/engines/Urho3D/Source/ThirdParty/SLikeNet/Source/XBox360Includes.h,1,0,1
/media/ullmann/hdd/research/engines/Urho3D/Source/ThirdParty/SLikeNet/Source/RakNetCommandParser.h,1,0,1
/media/ullmann/hdd/research/engines/Urho3D/script/build/include/Urho3D/ThirdParty/SDL/SDL_opengles2_gl2.h,0,1,1
/media/ullmann/hdd/research/engines/Urho3D/Source/ThirdParty/Bullet/src/BulletSoftBody/btSoftMultiBodyDynamicsWorld.h,0,2,2
/media/ullmann/hdd/research/engines/Urho3D/Source/ThirdParty/SDL/src/video/uikit/SDL_uikitview.h,1,0,1
/media/ullmann/hdd/research/engines/Urho3D/Source/ThirdParty/Assimp/code/VertexTriangleAdjacency.cpp,1,0,1
/media/ullmann/hdd/research/engines/Urho3D/Source/ThirdParty/Assimp/contrib/Open3DGC/o3dgcTimer.h,1,0,1
/media/ullmann/hdd/research/engines/Urho3D/Source/ThirdParty/SLikeNet/Source/DS_HuffmanEncodingTreeNode.h,1,0,1
/media/ullmann/hdd/research/engines/Urho3D/include/Urho3D/Navigation/NavigationEvents.h,1,0,1
/media/ullmann/hdd/research/engines/Urho3D/Source/ThirdParty/SLikeNet/Source/slikenet/Rand.h,1,0,1
/media/ullmann/hdd/research/engines/Urho3D/include/Urho3D/AngelScript/Manual_Input.h,1,1,2
/media/ullmann/hdd/research/engines/Urho3D/Source/ThirdParty/FreeType/src/pshinter/pshglob.c,1,1,2
/media/ullmann/hdd/research/engines/Urho3D/Source/ThirdParty/SLikeNet/Source/PluginInterface2.h,1,0,1
/media/ullmann/hdd/research/engines/Urho3D/script/build/include/Urho3D/ThirdParty/rapidjson/filewritestream.h,1,0,1
/media/ullmann/hdd/research/engines/Urho3D/Source/ThirdParty/rapidjson/include/rapidjson/cursorstreamwrapper.h,1,0,1
/media/ullmann/hdd/research/engines/Urho3D/Source/Tools/Urho3DPlayer/Urho3DPlayer.cpp,1,0,1
/media/ullmann/hdd/research/engines/Urho3D/Source/Tools/Urho3DPlayer/Urho3DPlayer.h,0,1,1
/media/ullmann/hdd/research/engines/Urho3D/Source/ThirdParty/SDL/src/joystick/steam/SDL_steamcontroller.c,4,0,4
/media/ullmann/hdd/research/engines/Urho3D/Source/ThirdParty/Lua/src/luaconf.h,0,1,1
/media/ullmann/hdd/research/engines/Urho3D/Source/ThirdParty/FreeType/src/raster/ftrend1.h,0,1,1
/media/ullmann/hdd/research/engines/Urho3D/Source/ThirdParty/AngelScript/source/as_callfunc_x64_gcc.cpp,4,0,4
/media/ullmann/hdd/research/engines/Urho3D/include/Urho3D/LuaScript/LuaScriptEventListener.h,1,2,3
/media/ullmann/hdd/research/engines/Urho3D/Source/Samples/49_Urho2DIsometricDemo/Character2D.cpp,1,0,1
/media/ullmann/hdd/research/engines/Urho3D/include/Urho3D/Network/NetworkEvents.h,1,0,1
/media/ullmann/hdd/research/engines/Urho3D/Source/ThirdParty/SLikeNet/Source/WSAStartupSingleton.h,1,0,1
/media/ullmann/hdd/research/engines/Urho3D/Source/ThirdParty/SLikeNet/Source/slikenet/SingleProducerConsumer.h,1,0,1
/media/ullmann/hdd/research/engines/Urho3D/Source/Samples/38_SceneAndUILoad/SceneAndUILoad.cpp,1,0,1
/media/ullmann/hdd/research/engines/Urho3D/Source/ThirdParty/SLikeNet/Source/slikenet/PacketOutputWindowLogger.h,1,0,1
/media/ullmann/hdd/research/engines/Urho3D/include/Urho3D/ThirdParty/slikenet/MessageFilter.h,0,1,1
/media/ullmann/hdd/research/engines/Urho3D/Source/ThirdParty/Bullet/src/BulletSoftBody/btSoftMultiBodyDynamicsWorld.cpp,1,0,1
/media/ullmann/hdd/research/engines/Urho3D/Source/ThirdParty/Bullet/src/LinearMath/btMotionState.h,1,1,2
/media/ullmann/hdd/research/engines/Urho3D/Source/ThirdParty/Bullet/src/BulletCollision/NarrowPhaseCollision/btGjkPairDetector.cpp,1,0,1
/media/ullmann/hdd/research/engines/Urho3D/script/build/include/Urho3D/IK/IKEvents.h,1,0,1
/media/ullmann/hdd/research/engines/Urho3D/include/Urho3D/Physics2D/ConstraintDistance2D.h,1,1,2
/media/ullmann/hdd/research/engines/Urho3D/include/Urho3D/ThirdParty/slikenet/NatTypeDetectionClient.h,0,1,1
/media/ullmann/hdd/research/engines/Urho3D/Source/ThirdParty/Bullet/src/BulletCollision/BroadphaseCollision/btCollisionAlgorithm.cpp,2,0,2
/media/ullmann/hdd/research/engines/Urho3D/Source/ThirdParty/ik/include/ik/chain_tree.h,2,0,2
/media/ullmann/hdd/research/engines/Urho3D/Source/ThirdParty/Assimp/contrib/zlib/trees.h,0,1,1
/media/ullmann/hdd/research/engines/Urho3D/script/build/include/Urho3D/Audio/SoundSource3D.h,1,1,2
/media/ullmann/hdd/research/engines/Urho3D/script/build/include/Urho3D/Core/MiniDump.h,1,1,2
/media/ullmann/hdd/research/engines/Urho3D/Source/ThirdParty/rapidjson/include/rapidjson/memorybuffer.h,2,0,2
/media/ullmann/hdd/research/engines/Urho3D/Source/ThirdParty/Assimp/code/ScenePreprocessor.cpp,1,0,1
/media/ullmann/hdd/research/engines/Urho3D/include/Urho3D/IK/IKConstraint.h,1,1,2
/media/ullmann/hdd/research/engines/Urho3D/Source/ThirdParty/LuaJIT/src/lj_char.c,1,1,2
/media/ullmann/hdd/research/engines/Urho3D/Source/ThirdParty/SDL/src/loadso/dlopen/SDL_sysloadso.c,2,0,2
/media/ullmann/hdd/research/engines/Urho3D/Source/ThirdParty/Assimp/code/X3DImporter_Networking.cpp,2,0,2
/media/ullmann/hdd/research/engines/Urho3D/Source/ThirdParty/SLikeNet/Source/LocklessTypes.h,1,0,1
/media/ullmann/hdd/research/engines/Urho3D/Source/ThirdParty/MojoShader/mojoshader_common.c,1,0,1
/media/ullmann/hdd/research/engines/Urho3D/Source/ThirdParty/FreeType/src/base/ftutil.c,0,1,1
/media/ullmann/hdd/research/engines/Urho3D/Source/ThirdParty/Assimp/code/AMFImporter_Node.hpp,0,1,1
/media/ullmann/hdd/research/engines/Urho3D/Source/ThirdParty/SLikeNet/Source/src/SignaledEvent.cpp,3,0,3
/media/ullmann/hdd/research/engines/Urho3D/Source/ThirdParty/LuaJIT/src/lj_target_mips.h,0,1,1
/media/ullmann/hdd/research/engines/Urho3D/script/build/include/Urho3D/ThirdParty/SDL/SDL_scancode.h,1,1,2
/media/ullmann/hdd/research/engines/Urho3D/Source/ThirdParty/Bullet/src/LinearMath/btGrahamScan2dConvexHull.h,2,0,2
/media/ullmann/hdd/research/engines/Urho3D/Source/ThirdParty/Bullet/src/BulletCollision/BroadphaseCollision/btCollisionAlgorithm.h,0,2,2
/media/ullmann/hdd/research/engines/Urho3D/Source/Urho3D/Database/Database.cpp,3,0,3
/media/ullmann/hdd/research/engines/Urho3D/script/build/include/Urho3D/ThirdParty/rapidjson/istreamwrapper.h,1,0,1
/media/ullmann/hdd/research/engines/Urho3D/Source/ThirdParty/Assimp/include/assimp/vector3.inl,0,1,1
/media/ullmann/hdd/research/engines/Urho3D/Source/ThirdParty/SLikeNet/Source/CloudClient.h,1,0,1
/media/ullmann/hdd/research/engines/Urho3D/Source/ThirdParty/Bullet/src/BulletCollision/CollisionDispatch/btSphereSphereCollisionAlgorithm.cpp,1,0,1
/media/ullmann/hdd/research/engines/Urho3D/Source/ThirdParty/SDL/src/video/x11/SDL_x11clipboard.h,1,1,2
/media/ullmann/hdd/research/engines/Urho3D/include/Urho3D/ThirdParty/slikenet/NatPunchthroughServer.h,0,1,1
/media/ullmann/hdd/research/engines/Urho3D/include/Urho3D/LuaScript/LuaFunction.h,1,0,1
/media/ullmann/hdd/research/engines/Urho3D/Source/ThirdParty/FreeType/src/sfnt/ttkern.c,2,1,3
/media/ullmann/hdd/research/engines/Urho3D/Source/ThirdParty/Box2D/include/box2d/b2_edge_shape.h,2,1,3
/media/ullmann/hdd/research/engines/Urho3D/Source/ThirdParty/Assimp/contrib/clipper/clipper.cpp,1,0,1
/media/ullmann/hdd/research/engines/Urho3D/Source/ThirdParty/Bullet/src/LinearMath/btPolarDecomposition.cpp,2,0,2
/media/ullmann/hdd/research/engines/Urho3D/Source/ThirdParty/Bullet/src/BulletCollision/Gimpact/btClipPolygon.h,0,1,1
/media/ullmann/hdd/research/engines/Urho3D/script/build/include/Urho3D/Urho2D/ParticleEmitter2D.h,1,1,2
/media/ullmann/hdd/research/engines/Urho3D/include/Urho3D/ThirdParty/slikenet/HTTPConnection.h,0,1,1
/media/ullmann/hdd/research/engines/Urho3D/Source/Samples/20_HugeObjectCount/HugeObjectCount.cpp,1,0,1
/media/ullmann/hdd/research/engines/Urho3D/Source/ThirdParty/Bullet/src/BulletCollision/NarrowPhaseCollision/btPolyhedralContactClipping.h,1,1,2
/media/ullmann/hdd/research/engines/Urho3D/Source/ThirdParty/SLikeNet/Source/StringCompressor.h,1,0,1
/media/ullmann/hdd/research/engines/Urho3D/Source/ThirdParty/Bullet/src/BulletCollision/CollisionDispatch/btCompoundCollisionAlgorithm.cpp,1,0,1
/media/ullmann/hdd/research/engines/Urho3D/script/build/include/Urho3D/ThirdParty/ik/log.h,1,0,1
/media/ullmann/hdd/research/engines/Urho3D/Source/ThirdParty/WebP/src/dsp/filters.c,1,0,1
/media/ullmann/hdd/research/engines/Urho3D/include/Urho3D/ThirdParty/slikenet/PacketFileLogger.h,0,1,1
/media/ullmann/hdd/research/engines/Urho3D/Source/ThirdParty/SQLite/src/sqlite3ext.h,1,0,1
/media/ullmann/hdd/research/engines/Urho3D/Source/ThirdParty/SLikeNet/Source/slikenet/_FindFirst.h,1,0,1
/media/ullmann/hdd/research/engines/Urho3D/Source/ThirdParty/Assimp/code/CreateAnimMesh.cpp,1,0,1
/media/ullmann/hdd/research/engines/Urho3D/Source/Samples/47_Typography/Typography.cpp,1,0,1
/media/ullmann/hdd/research/engines/Urho3D/Source/ThirdParty/Assimp/code/LWOAnimation.h,0,1,1
/media/ullmann/hdd/research/engines/Urho3D/Source/ThirdParty/SDL/src/render/opengl/SDL_glfuncs.h,0,1,1
/media/ullmann/hdd/research/engines/Urho3D/Source/ThirdParty/Bullet/src/BulletDynamics/Character/btKinematicCharacterController.cpp,1,0,1
/media/ullmann/hdd/research/engines/Urho3D/Source/ThirdParty/SLikeNet/Source/DS_OrderedChannelHeap.h,1,0,1
/media/ullmann/hdd/research/engines/Urho3D/Source/ThirdParty/FreeType/src/cff/cf2types.h,0,1,1
/media/ullmann/hdd/research/engines/Urho3D/Source/ThirdParty/ik/include/ik/ordered_vector.h,1,0,1
/media/ullmann/hdd/research/engines/Urho3D/Source/Samples/55_Clicker/Clicker.cpp,1,0,1
/media/ullmann/hdd/research/engines/Urho3D/Source/Samples/55_Clicker/Clicker.h,1,1,2
/media/ullmann/hdd/research/engines/Urho3D/Source/Samples/22_LuaIntegration/LuaIntegration.cpp,1,0,1
/media/ullmann/hdd/research/engines/Urho3D/Source/ThirdParty/Bullet/src/BulletCollision/CollisionDispatch/btConvexConvexAlgorithm.cpp,1,0,1
/media/ullmann/hdd/research/engines/Urho3D/Source/ThirdParty/WebP/src/utils/random_utils.c,1,0,1
/media/ullmann/hdd/research/engines/Urho3D/Source/ThirdParty/SLikeNet/Source/slikenet/BitStream.h,1,0,1
/media/ullmann/hdd/research/engines/Urho3D/Source/ThirdParty/Bullet/src/BulletDynamics/MLCPSolvers/btDantzigLCP.cpp,1,0,1
/media/ullmann/hdd/research/engines/Urho3D/Source/ThirdParty/WebP/src/utils/quant_levels_dec_utils.c,2,0,2
/media/ullmann/hdd/research/engines/Urho3D/include/Urho3D/LuaScript/LuaScriptInstance.h,2,0,2
/media/ullmann/hdd/research/engines/Urho3D/Source/ThirdParty/Assimp/code/XFileExporter.h,0,1,1
/media/ullmann/hdd/research/engines/Urho3D/include/Urho3D/ThirdParty/slikenet/ReplicaManager3.h,0,1,1
/media/ullmann/hdd/research/engines/Urho3D/Source/ThirdParty/LuaJIT/src/lj_target_x86.h,0,1,1
/media/ullmann/hdd/research/engines/Urho3D/Source/ThirdParty/SLikeNet/Source/UDPProxyClient.h,1,0,1
/media/ullmann/hdd/research/engines/Urho3D/Source/ThirdParty/SDL/src/video/windows/SDL_windowstaskdialog.h,0,1,1
/media/ullmann/hdd/research/engines/Urho3D/Source/ThirdParty/SLikeNet/Source/slikenet/DataCompressor.h,1,0,1
/media/ullmann/hdd/research/engines/Urho3D/Source/ThirdParty/SLikeNet/Source/slikenet/peerinterface.h,1,0,1
/media/ullmann/hdd/research/engines/Urho3D/Source/ThirdParty/Assimp/include/assimp/cimport.h,1,0,1
/media/ullmann/hdd/research/engines/Urho3D/Source/ThirdParty/Assimp/include/assimp/importerdesc.h,0,1,1
/media/ullmann/hdd/research/engines/Urho3D/Source/ThirdParty/SLikeNet/Source/DS_MemoryPool.h,1,0,1
/media/ullmann/hdd/research/engines/Urho3D/Source/ThirdParty/FreeType/src/pfr/pfrerror.h,0,6,6
/media/ullmann/hdd/research/engines/Urho3D/Source/ThirdParty/Bullet/src/LinearMath/TaskScheduler/btThreadSupportWin32.cpp,1,0,1
/media/ullmann/hdd/research/engines/Urho3D/Source/ThirdParty/Assimp/code/MMDVmdParser.h,1,1,2
/media/ullmann/hdd/research/engines/Urho3D/include/Urho3D/Physics2D/ConstraintMouse2D.h,1,1,2
/media/ullmann/hdd/research/engines/Urho3D/include/Urho3D/AngelScript/Generated_Templates.h,0,1,1
/media/ullmann/hdd/research/engines/Urho3D/Source/ThirdParty/FreeType/src/pshinter/pshpic.h,0,2,2
/media/ullmann/hdd/research/engines/Urho3D/include/Urho3D/Urho2D/SpriterInstance2D.h,1,0,1
/media/ullmann/hdd/research/engines/Urho3D/include/Urho3D/Urho2D/SpriterData2D.h,0,1,1
/media/ullmann/hdd/research/engines/Urho3D/Source/ThirdParty/SLikeNet/Source/SimpleMutex.h,1,0,1
/media/ullmann/hdd/research/engines/Urho3D/include/Urho3D/ThirdParty/box2d/b2_rope.h,0,1,1
/media/ullmann/hdd/research/engines/Urho3D/script/build/include/Urho3D/ThirdParty/ik/vec3.h,1,0,1
/media/ullmann/hdd/research/engines/Urho3D/Source/ThirdParty/SDL/src/video/nacl/SDL_naclopengles.h,1,1,2
/media/ullmann/hdd/research/engines/Urho3D/Source/ThirdParty/Bullet/src/BulletCollision/CollisionShapes/btConvexInternalShape.cpp,1,0,1
/media/ullmann/hdd/research/engines/Urho3D/Source/ThirdParty/SLikeNet/Source/slikenet/LinuxStrings.h,1,0,1
/media/ullmann/hdd/research/engines/Urho3D/Source/ThirdParty/SDL/src/atomic/SDL_spinlock.c,2,0,2
/media/ullmann/hdd/research/engines/Urho3D/Source/ThirdParty/SLikeNet/Source/src/VariableDeltaSerializer.cpp,1,0,1
/media/ullmann/hdd/research/engines/Urho3D/include/Urho3D/ThirdParty/slikenet/VariableDeltaSerializer.h,0,1,1
/media/ullmann/hdd/research/engines/Urho3D/Source/ThirdParty/SLikeNet/Source/slikenet/WindowsIncludes.h,1,0,1
/media/ullmann/hdd/research/engines/Urho3D/Source/ThirdParty/WebP/src/dsp/ssim.c,1,0,1
/media/ullmann/hdd/research/engines/Urho3D/Source/ThirdParty/SLikeNet/Source/slikenet/CommandParserInterface.h,1,0,1
/media/ullmann/hdd/research/engines/Urho3D/Source/ThirdParty/Assimp/code/MD2NormalTable.h,0,1,1
/media/ullmann/hdd/research/engines/Urho3D/Source/ThirdParty/SLikeNet/Source/slikenet/DS_OrderedChannelHeap.h,1,0,1
/media/ullmann/hdd/research/engines/Urho3D/include/Urho3D/ThirdParty/SDL/SDL_opengles.h,1,0,1
/media/ullmann/hdd/research/engines/Urho3D/Source/ThirdParty/SDL/src/video/directfb/SDL_DirectFB_render.h,0,1,1
/media/ullmann/hdd/research/engines/Urho3D/Source/Samples/24_Urho2DSprite/Urho2DSprite.cpp,1,0,1
/media/ullmann/hdd/research/engines/Urho3D/Source/Samples/24_Urho2DSprite/Urho2DSprite.h,1,1,2
/media/ullmann/hdd/research/engines/Urho3D/Source/ThirdParty/Bullet/src/BulletCollision/CollisionShapes/btTriangleCallback.cpp,1,0,1
/media/ullmann/hdd/research/engines/Urho3D/Source/ThirdParty/SLikeNet/Source/TeamManager.h,1,0,1
/media/ullmann/hdd/research/engines/Urho3D/Source/ThirdParty/SLikeNet/Source/slikenet/DS_BytePool.h,1,0,1
/media/ullmann/hdd/research/engines/Urho3D/Source/ThirdParty/Assimp/code/glTF2AssetWriter.inl,0,1,1
/media/ullmann/hdd/research/engines/Urho3D/include/Urho3D/LuaScript/LuaScriptEventInvoker.h,1,0,1
/media/ullmann/hdd/research/engines/Urho3D/Source/ThirdParty/SDL/src/loadso/dummy/SDL_sysloadso.c,1,0,1
/media/ullmann/hdd/research/engines/Urho3D/include/Urho3D/ThirdParty/slikenet/FileOperations.h,0,3,3
/media/ullmann/hdd/research/engines/Urho3D/Source/ThirdParty/LZ4/lz4.h,0,2,2
/media/ullmann/hdd/research/engines/Urho3D/Source/ThirdParty/SDL/src/filesystem/windows/SDL_sysfilesystem.c,2,0,2
/media/ullmann/hdd/research/engines/Urho3D/Source/ThirdParty/Assimp/include/assimp/texture.h,3,1,4
/media/ullmann/hdd/research/engines/Urho3D/Source/Samples/51_Urho2DStretchableSprite/Urho2DStretchableSprite.cpp,1,0,1
/media/ullmann/hdd/research/engines/Urho3D/Source/ThirdParty/Bullet/src/BulletCollision/Gimpact/btGImpactQuantizedBvh.cpp,1,0,1
/media/ullmann/hdd/research/engines/Urho3D/script/build/include/Urho3D/ThirdParty/SDL/SDL_opengles2_gl2ext.h,0,1,1
/media/ullmann/hdd/research/engines/Urho3D/Source/ThirdParty/Assimp/code/glTF2Asset.inl,0,1,1
/media/ullmann/hdd/research/engines/Urho3D/Source/ThirdParty/SLikeNet/Source/slikenet/SocketDefines.h,1,0,1
/media/ullmann/hdd/research/engines/Urho3D/Source/ThirdParty/SLikeNet/Source/slikenet/commandparser.h,1,0,1
/media/ullmann/hdd/research/engines/Urho3D/Source/Samples/40_Localization/L10n.cpp,1,0,1
/media/ullmann/hdd/research/engines/Urho3D/Source/ThirdParty/SLikeNet/Source/PacketPriority.h,1,0,1
/media/ullmann/hdd/research/engines/Urho3D/Source/ThirdParty/SLikeNet/Source/slikenet/memoryoverride.h,1,0,1
/media/ullmann/hdd/research/engines/Urho3D/Source/ThirdParty/Detour/Include/DetourCommon.h,1,0,1
/media/ullmann/hdd/research/engines/Urho3D/Source/ThirdParty/Detour/Include/DetourMath.h,0,1,1
/media/ullmann/hdd/research/engines/Urho3D/Source/ThirdParty/SLikeNet/Source/VariadicSQLParser.h,1,0,1
/media/ullmann/hdd/research/engines/Urho3D/Source/ThirdParty/SLikeNet/Source/slikenet/DS_OrderedList.h,1,0,1
/media/ullmann/hdd/research/engines/Urho3D/script/build/include/Urho3D/ThirdParty/rapidjson/prettywriter.h,1,0,1
/media/ullmann/hdd/research/engines/Urho3D/Source/ThirdParty/SLikeNet/Source/NatPunchthroughClient.h,1,0,1
/media/ullmann/hdd/research/engines/Urho3D/Source/ThirdParty/Bullet/src/BulletCollision/CollisionDispatch/btCollisionConfiguration.h,0,1,1
/media/ullmann/hdd/research/engines/Urho3D/Source/ThirdParty/Bullet/src/BulletDynamics/ConstraintSolver/btHinge2Constraint.cpp,1,0,1
/media/ullmann/hdd/research/engines/Urho3D/Source/ThirdParty/SLikeNet/Source/slikenet/PacketConsoleLogger.h,1,0,1
/media/ullmann/hdd/research/engines/Urho3D/Source/ThirdParty/Assimp/code/MakeVerboseFormat.cpp,1,0,1
/media/ullmann/hdd/research/engines/Urho3D/Source/ThirdParty/SLikeNet/Source/slikenet/SecureHandshake.h,1,0,1
/media/ullmann/hdd/research/engines/Urho3D/Source/ThirdParty/ik/src/solver_MSD.c,1,0,1
/media/ullmann/hdd/research/engines/Urho3D/Source/ThirdParty/SLikeNet/Source/ReliabilityLayer.h,1,0,1
/media/ullmann/hdd/research/engines/Urho3D/Source/ThirdParty/Bullet/src/BulletCollision/CollisionDispatch/btConvex2dConvex2dAlgorithm.cpp,1,0,1
/media/ullmann/hdd/research/engines/Urho3D/Source/ThirdParty/Bullet/src/BulletCollision/CollisionDispatch/btConvex2dConvex2dAlgorithm.h,0,1,1
/media/ullmann/hdd/research/engines/Urho3D/Source/ThirdParty/SLikeNet/Source/FileListTransfer.h,1,0,1
/media/ullmann/hdd/research/engines/Urho3D/Source/ThirdParty/SLikeNet/Source/Itoa.h,1,0,1
/media/ullmann/hdd/research/engines/Urho3D/Source/Samples/46_RaycastVehicle/Vehicle.cpp,1,0,1
/media/ullmann/hdd/research/engines/Urho3D/Source/ThirdParty/SLikeNet/Source/slikenet/DS_ByteQueue.h,1,0,1
/media/ullmann/hdd/research/engines/Urho3D/Source/ThirdParty/Assimp/contrib/rapidjson/include/rapidjson/ostreamwrapper.h,1,0,1
/media/ullmann/hdd/research/engines/Urho3D/Source/ThirdParty/SLikeNet/Source/slikenet/DS_ThreadsafeAllocatingQueue.h,1,0,1
/media/ullmann/hdd/research/engines/Urho3D/Source/ThirdParty/WebP/src/utils/filters_utils.c,1,0,1
/media/ullmann/hdd/research/engines/Urho3D/Source/ThirdParty/SDL/src/joystick/iphoneos/SDL_sysjoystick_c.h,2,0,2
/media/ullmann/hdd/research/engines/Urho3D/Source/ThirdParty/AngelScript/source/as_atomic.cpp,1,0,1
/media/ullmann/hdd/research/engines/Urho3D/Source/ThirdParty/SLikeNet/Source/slikenet/SendToThread.h,1,0,1
/media/ullmann/hdd/research/engines/Urho3D/include/Urho3D/ThirdParty/slikenet/UDPProxyServer.h,0,1,1
/media/ullmann/hdd/research/engines/Urho3D/script/build/include/Urho3D/Core/CoreEvents.h,1,0,1
/media/ullmann/hdd/research/engines/Urho3D/Source/ThirdParty/Assimp/code/glTFExporter.h,0,1,1
/media/ullmann/hdd/research/engines/Urho3D/Source/ThirdParty/SLikeNet/Source/RakPeer.h,1,0,1
/media/ullmann/hdd/research/engines/Urho3D/Source/ThirdParty/WebP/src/utils/thread_utils.c,2,0,2
/media/ullmann/hdd/research/engines/Urho3D/Source/ThirdParty/Bullet/src/LinearMath/btPolarDecomposition.h,1,1,2
/media/ullmann/hdd/research/engines/Urho3D/Source/ThirdParty/Assimp/code/IFCReaderGen2.cpp,1,0,1
/media/ullmann/hdd/research/engines/Urho3D/Source/ThirdParty/Tracy/common/TracyQueue.hpp,0,1,1
/media/ullmann/hdd/research/engines/Urho3D/Source/ThirdParty/Bullet/src/LinearMath/TaskScheduler/btTaskScheduler.cpp,1,0,1
/media/ullmann/hdd/research/engines/Urho3D/Source/ThirdParty/Assimp/code/X3DExporter.hpp,0,1,1
/media/ullmann/hdd/research/engines/Urho3D/Source/ThirdParty/Bullet/src/BulletDynamics/ConstraintSolver/btFixedConstraint.cpp,1,0,1
/media/ullmann/hdd/research/engines/Urho3D/Source/ThirdParty/Assimp/contrib/zlib/zconf.h,0,1,1
/media/ullmann/hdd/research/engines/Urho3D/Source/Samples/19_VehicleDemo/Vehicle.cpp,1,0,1
/media/ullmann/hdd/research/engines/Urho3D/include/Urho3D/ThirdParty/SDL/SDL_opengl_glext.h,0,1,1
/media/ullmann/hdd/research/engines/Urho3D/Source/ThirdParty/Assimp/contrib/zlib/adler32.c,1,0,1
/media/ullmann/hdd/research/engines/Urho3D/Source/ThirdParty/SLikeNet/Source/VariableDeltaSerializer.h,1,0,1
/media/ullmann/hdd/research/engines/Urho3D/Source/ThirdParty/SLikeNet/Source/EmailSender.h,1,0,1
/media/ullmann/hdd/research/engines/Urho3D/Source/ThirdParty/SDL/src/hidapi/mac/hid.c,1,0,1
/media/ullmann/hdd/research/engines/Urho3D/Source/ThirdParty/SLikeNet/Source/RakSleep.h,1,0,1
/media/ullmann/hdd/research/engines/Urho3D/Source/ThirdParty/SLikeNet/Source/RakAlloca.h,1,0,1
/media/ullmann/hdd/research/engines/Urho3D/Source/ThirdParty/Bullet/src/BulletSoftBody/poly34.cpp,1,0,1
/media/ullmann/hdd/research/engines/Urho3D/Source/ThirdParty/SLikeNet/Source/DS_ThreadsafeAllocatingQueue.h,1,0,1
/media/ullmann/hdd/research/engines/Urho3D/Source/ThirdParty/Assimp/contrib/rapidjson/include/rapidjson/fwd.h,1,0,1
/media/ullmann/hdd/research/engines/Urho3D/Source/ThirdParty/Assimp/code/PlyExporter.h,0,1,1
/media/ullmann/hdd/research/engines/Urho3D/Source/ThirdParty/FreeType/src/pcf/pcfdrivr.h,0,1,1
/media/ullmann/hdd/research/engines/Urho3D/Source/ThirdParty/Assimp/contrib/zip/src/miniz.h,0,1,1
/media/ullmann/hdd/research/engines/Urho3D/Source/ThirdParty/SDL/src/render/opengles/SDL_glesfuncs.h,0,1,1
/media/ullmann/hdd/research/engines/Urho3D/Source/ThirdParty/SDL/include/SDL_opengles2_khrplatform.h,0,1,1
/media/ullmann/hdd/research/engines/Urho3D/Source/ThirdParty/SLikeNet/Source/slikenet/SignaledEvent.h,1,0,1
/media/ullmann/hdd/research/engines/Urho3D/Source/Samples/03_Sprites/Sprites.cpp,1,0,1
/media/ullmann/hdd/research/engines/Urho3D/Source/ThirdParty/SLikeNet/Source/slikenet/ReadyEvent.h,1,0,1
/media/ullmann/hdd/research/engines/Urho3D/include/Urho3D/ThirdParty/rapidjson/msinttypes/stdint.h,0,2,2
/media/ullmann/hdd/research/engines/Urho3D/include/Urho3D/ThirdParty/SDL/SDL_opengles2_gl2ext.h,0,1,1
/media/ullmann/hdd/research/engines/Urho3D/Source/ThirdParty/SDL/src/render/opengles2/SDL_gles2funcs.h,0,1,1
/media/ullmann/hdd/research/engines/Urho3D/Source/ThirdParty/SDL/src/video/windows/SDL_vkeys.h,0,1,1
/media/ullmann/hdd/research/engines/Urho3D/Source/ThirdParty/WebP/src/dsp/lossless_enc_sse41.c,2,0,2
/media/ullmann/hdd/research/engines/Urho3D/Source/ThirdParty/Bullet/src/BulletCollision/CollisionShapes/btStaticPlaneShape.cpp,1,0,1
/media/ullmann/hdd/research/engines/Urho3D/Source/ThirdParty/LuaJIT/src/lj_emit_arm.h,0,1,1
/media/ullmann/hdd/research/engines/Urho3D/Source/ThirdParty/FreeType/src/base/ftcalc.c,0,1,1
/media/ullmann/hdd/research/engines/Urho3D/Source/ThirdParty/Bullet/src/BulletSoftBody/btSoftBodySolverVertexBuffer.h,0,1,1
/media/ullmann/hdd/research/engines/Urho3D/include/Urho3D/IO/Compression.h,1,1,2
/media/ullmann/hdd/research/engines/Urho3D/include/Urho3D/ThirdParty/rapidjson/ostreamwrapper.h,1,0,1
/media/ullmann/hdd/research/engines/Urho3D/Source/ThirdParty/LuaJIT/src/lj_emit_ppc.h,0,1,1
/media/ullmann/hdd/research/engines/Urho3D/script/build/include/Urho3D/ThirdParty/SDL/SDL_opengles2_gl2platform.h,0,1,1
/media/ullmann/hdd/research/engines/Urho3D/Source/ThirdParty/SLikeNet/Source/NativeFeatureIncludesOverrides.h,1,0,1
/media/ullmann/hdd/research/engines/Urho3D/include/Urho3D/ThirdParty/slikenet/DirectoryDeltaTransfer.h,0,1,1
/media/ullmann/hdd/research/engines/Urho3D/Source/ThirdParty/Assimp/code/SpatialSort.cpp,1,0,1
/media/ullmann/hdd/research/engines/Urho3D/Source/ThirdParty/Assimp/code/AssxmlExporter.cpp,1,0,1
/media/ullmann/hdd/research/engines/Urho3D/include/Urho3D/Resource/PListFile.h,1,0,1
/media/ullmann/hdd/research/engines/Urho3D/Source/ThirdParty/Bullet/src/BulletCollision/CollisionShapes/btConeShape.cpp,1,0,1
/media/ullmann/hdd/research/engines/Urho3D/Source/ThirdParty/SLikeNet/Source/SuperFastHash.h,1,0,1
/media/ullmann/hdd/research/engines/Urho3D/Source/ThirdParty/rapidjson/include/rapidjson/internal/swap.h,1,1,2
/media/ullmann/hdd/research/engines/Urho3D/Source/ThirdParty/SDL/src/power/macosx/SDL_syspower.c,1,0,1
/media/ullmann/hdd/research/engines/Urho3D/Source/ThirdParty/SLikeNet/Source/slikenet/HTTPConnection2.h,1,0,1
/media/ullmann/hdd/research/engines/Urho3D/Source/ThirdParty/Bullet/src/BulletSoftBody/btDeformableGravityForce.h,1,1,2
/media/ullmann/hdd/research/engines/Urho3D/Source/ThirdParty/rapidjson/include/rapidjson/filewritestream.h,1,0,1
/media/ullmann/hdd/research/engines/Urho3D/Source/ThirdParty/SLikeNet/Source/slikenet/FileOperations.h,1,0,1
/media/ullmann/hdd/research/engines/Urho3D/include/Urho3D/ThirdParty/slikenet/TeamBalancer.h,0,1,1
/media/ullmann/hdd/research/engines/Urho3D/Source/ThirdParty/SLikeNet/Source/src/RakMemoryOverride.cpp,2,0,2
/media/ullmann/hdd/research/engines/Urho3D/Source/ThirdParty/SLikeNet/Source/slikenet/NetworkIDManager.h,1,0,1
/media/ullmann/hdd/research/engines/Urho3D/Source/ThirdParty/Bullet/src/BulletCollision/NarrowPhaseCollision/btPolyhedralContactClipping.cpp,1,0,1
/media/ullmann/hdd/research/engines/Urho3D/Source/ThirdParty/Bullet/src/LinearMath/btVector3.cpp,1,0,1
/media/ullmann/hdd/research/engines/Urho3D/Source/ThirdParty/Bullet/src/BulletCollision/CollisionShapes/btCapsuleShape.cpp,1,0,1
/media/ullmann/hdd/research/engines/Urho3D/Source/Samples/41_DatabaseDemo/DatabaseDemo.cpp,1,0,1
/media/ullmann/hdd/research/engines/Urho3D/include/Urho3D/IK/IKEvents.h,1,0,1
/media/ullmann/hdd/research/engines/Urho3D/Source/ThirdParty/WebP/src/dsp/alpha_processing_mips_dsp_r2.c,1,0,1
/media/ullmann/hdd/research/engines/Urho3D/Source/ThirdParty/SLikeNet/Source/WindowsIncludes.h,1,0,1
/media/ullmann/hdd/research/engines/Urho3D/script/build/include/Urho3D/ThirdParty/SDL/SDL_opengles.h,1,0,1
/media/ullmann/hdd/research/engines/Urho3D/Source/ThirdParty/Bullet/src/BulletDynamics/ConstraintSolver/btSequentialImpulseConstraintSolverMt.cpp,1,0,1
/media/ullmann/hdd/research/engines/Urho3D/Source/ThirdParty/SLikeNet/Source/slikenet/CCRakNetUDT.h,1,0,1
/media/ullmann/hdd/research/engines/Urho3D/Source/ThirdParty/SDL/src/video/uikit/SDL_uikitclipboard.h,1,0,1
/media/ullmann/hdd/research/engines/Urho3D/Source/ThirdParty/SLikeNet/Source/EmptyHeader.h,1,0,1
/media/ullmann/hdd/research/engines/Urho3D/script/build/include/Urho3D/UI/CheckBox.h,1,1,2
/media/ullmann/hdd/research/engines/Urho3D/Source/ThirdParty/WebP/src/enc/quant_enc.c,2,0,2
/media/ullmann/hdd/research/engines/Urho3D/Source/ThirdParty/SLikeNet/Source/slikenet/HTTPConnection.h,1,0,1
/media/ullmann/hdd/research/engines/Urho3D/Source/Samples/Sample.inl,0,1,1
/media/ullmann/hdd/research/engines/Urho3D/Source/Samples/10_RenderToTexture/Rotator.cpp,1,0,1
/media/ullmann/hdd/research/engines/Urho3D/Source/ThirdParty/rapidjson/include/rapidjson/filereadstream.h,1,0,1
/media/ullmann/hdd/research/engines/Urho3D/Source/ThirdParty/SLikeNet/Source/src/LocklessTypes.cpp,1,0,1
/media/ullmann/hdd/research/engines/Urho3D/include/Urho3D/ThirdParty/slikenet/LocklessTypes.h,0,1,1
/media/ullmann/hdd/research/engines/Urho3D/Source/ThirdParty/SLikeNet/Source/FileList.h,1,0,1
/media/ullmann/hdd/research/engines/Urho3D/include/Urho3D/ThirdParty/rapidjson/prettywriter.h,1,0,1
/media/ullmann/hdd/research/engines/Urho3D/Source/ThirdParty/WebP/src/dec/quant_dec.c,1,0,1
/media/ullmann/hdd/research/engines/Urho3D/Source/ThirdParty/SLikeNet/Source/src/SecureHandshake.cpp,1,0,1
/media/ullmann/hdd/research/engines/Urho3D/include/Urho3D/ThirdParty/slikenet/DS_Table.h,0,2,2
/media/ullmann/hdd/research/engines/Urho3D/Source/ThirdParty/SDL/src/stdlib/SDL_string.c,1,0,1
/media/ullmann/hdd/research/engines/Urho3D/Source/ThirdParty/SLikeNet/Source/RandSync.h,1,0,1
/media/ullmann/hdd/research/engines/Urho3D/Source/ThirdParty/SLikeNet/Source/PS4Includes.h,1,0,1
/media/ullmann/hdd/research/engines/Urho3D/Source/ThirdParty/Bullet/src/BulletCollision/CollisionDispatch/btSphereBoxCollisionAlgorithm.cpp,1,0,1
/media/ullmann/hdd/research/engines/Urho3D/Source/Urho3D/AngelScript/ScriptAPI.h,0,2,2
/media/ullmann/hdd/research/engines/Urho3D/Source/ThirdParty/FreeType/src/gzip/inffixed.h,0,1,1
/media/ullmann/hdd/research/engines/Urho3D/Source/ThirdParty/SLikeNet/Source/slikenet/string.h,1,0,1
/media/ullmann/hdd/research/engines/Urho3D/Source/ThirdParty/Assimp/code/IFCCurve.cpp,1,0,1
/media/ullmann/hdd/research/engines/Urho3D/script/build/include/Urho3D/Container/Pair.h,1,2,3
/media/ullmann/hdd/research/engines/Urho3D/include/Urho3D/ThirdParty/slikenet/DynDNS.h,0,1,1
/media/ullmann/hdd/research/engines/Urho3D/Source/ThirdParty/Bullet/src/BulletCollision/Gimpact/gim_box_set.cpp,1,0,1
/media/ullmann/hdd/research/engines/Urho3D/Source/ThirdParty/Assimp/include/assimp/color4.h,1,1,2
/media/ullmann/hdd/research/engines/Urho3D/Source/Samples/36_Urho2DTileMap/Urho2DTileMap.cpp,1,0,1
/media/ullmann/hdd/research/engines/Urho3D/Source/ThirdParty/SDL/src/dynapi/SDL_dynapi_overrides.h,0,1,1
/media/ullmann/hdd/research/engines/Urho3D/Source/ThirdParty/LuaJIT/src/lj_target_arm64.h,0,1,1
/media/ullmann/hdd/research/engines/Urho3D/Source/ThirdParty/SLikeNet/Source/slikenet/SocketLayer.h,1,0,1
/media/ullmann/hdd/research/engines/Urho3D/Source/ThirdParty/Assimp/code/XFileHelper.h,0,2,2
/media/ullmann/hdd/research/engines/Urho3D/Source/ThirdParty/Assimp/code/RemoveVCProcess.cpp,1,0,1
/media/ullmann/hdd/research/engines/Urho3D/include/Urho3D/ThirdParty/SDL/SDL_types.h,1,0,1
/media/ullmann/hdd/research/engines/Urho3D/Source/ThirdParty/SDL/src/atomic/SDL_atomic.c,1,0,1
/media/ullmann/hdd/research/engines/Urho3D/Source/ThirdParty/SDL/src/events/scancodes_darwin.h,0,1,1
/media/ullmann/hdd/research/engines/Urho3D/Source/ThirdParty/LuaJIT/src/lj_emit_mips.h,0,1,1
/media/ullmann/hdd/research/engines/Urho3D/Source/ThirdParty/SDL/src/thread/generic/SDL_syscond.c,1,0,1
/media/ullmann/hdd/research/engines/Urho3D/Source/ThirdParty/WebP/src/dsp/rescaler_mips32.c,2,0,2
/media/ullmann/hdd/research/engines/Urho3D/Source/ThirdParty/SDL/src/hidapi/libusb/hidusb.cpp,1,0,1
/media/ullmann/hdd/research/engines/Urho3D/Source/ThirdParty/Assimp/code/MathFunctions.h,0,1,1
/media/ullmann/hdd/research/engines/Urho3D/Source/Urho3D/AngelScript/Manual_Container.h,0,1,1
/media/ullmann/hdd/research/engines/Urho3D/Source/ThirdParty/Assimp/contrib/zlib/gzwrite.c,1,0,1
/media/ullmann/hdd/research/engines/Urho3D/Source/ThirdParty/SLikeNet/Source/Rand.h,1,0,1
/media/ullmann/hdd/research/engines/Urho3D/Source/Samples/35_SignedDistanceFieldText/SignedDistanceFieldText.cpp,1,0,1
/media/ullmann/hdd/research/engines/Urho3D/Source/ThirdParty/SLikeNet/Source/ThreadPool.h,1,0,1
/media/ullmann/hdd/research/engines/Urho3D/Source/ThirdParty/FreeType/src/cff/cf2fixed.h,0,1,1
/media/ullmann/hdd/research/engines/Urho3D/Source/ThirdParty/FreeType/src/sfnt/ttcmapc.h,0,1,1
/media/ullmann/hdd/research/engines/Urho3D/Source/ThirdParty/SLikeNet/Source/slikenet/DS_Multilist.h,1,0,1
/media/ullmann/hdd/research/engines/Urho3D/Source/ThirdParty/SDL/src/file/cocoa/SDL_rwopsbundlesupport.h,0,1,1
/media/ullmann/hdd/research/engines/Urho3D/script/build/include/Urho3D/AngelScript/Generated_Templates.h,0,1,1
/media/ullmann/hdd/research/engines/Urho3D/Source/ThirdParty/SLikeNet/Source/PacketFileLogger.h,1,0,1
/media/ullmann/hdd/research/engines/Urho3D/Source/ThirdParty/SLikeNet/Source/PacketConsoleLogger.h,1,0,1
/media/ullmann/hdd/research/engines/Urho3D/Source/ThirdParty/Assimp/code/STLExporter.h,0,1,1
/media/ullmann/hdd/research/engines/Urho3D/Source/ThirdParty/Assimp/code/CInterfaceIOWrapper.cpp,1,0,1
/media/ullmann/hdd/research/engines/Urho3D/Source/ThirdParty/SLikeNet/Source/DS_WeightedGraph.h,1,0,1
/media/ullmann/hdd/research/engines/Urho3D/Source/ThirdParty/SLikeNet/Source/MessageFilter.h,1,0,1
